day	wk1	wk2	wk3	wk4	wk5	wk6	cumm	covid	country
1	1	0	0	0	0	0	0	0	1
2	1	0	0	0	0	0	0	0	1
3	1	0	0	0	0	0	0	0	1
4	1	0	0	0	0	0	0	0	1
5	1	0	0	0	0	0	0	0	1
6	1	0	0	0	0	0	0	0	1
7	1	0	0	0	0	0	0	0	1
8	1	0	0	0	0	0	0	0	1
9	1	0	0	0	0	0	0	0	1
10	1	0	0	0	0	0	0	0	1
11	1	0	0	0	0	0	0	0	1
12	1	0	0	0	0	0	0	1	1
13	1	0	0	0	0	0	1	0	1
14	1	0	0	0	0	0	1	0	1
15	1	0	0	0	0	0	1	0	1
16	1	0	0	0	0	0	1	0	1
17	1	0	0	0	0	0	1	2	1
18	1	0	0	0	0	0	3	0	1
19	1	0	0	0	0	0	3	2	1
20	1	0	0	0	0	0	5	7	1
21	1	0	0	0	0	0	12	5	1
22	1	0	0	0	0	0	17	0	1
23	1	0	0	0	0	0	17	0	1
24	1	0	0	0	0	0	17	3	1
25	1	0	0	0	0	0	20	0	1
26	1	0	0	0	0	0	20	0	1
27	1	0	0	0	0	0	20	0	1
28	1	0	0	0	0	0	20	4	1
29	1	0	0	0	0	0	24	2	1
30	0	1	0	0	0	0	26	11	1
31	0	1	0	0	0	0	37	11	1
32	0	1	0	0	0	0	48	12	1
33	0	1	0	0	0	0	60	0	1
34	0	1	0	0	0	0	60	13	1
35	0	1	0	0	0	0	73	9	1
36	0	1	0	0	0	0	82	12	1
37	0	0	1	0	0	0	94	0	1
38	0	0	1	0	0	0	94	8	1
39	0	0	1	0	0	0	102	87	1
40	0	0	1	0	0	0	189	42	1
41	0	0	1	0	0	0	231	33	1
42	0	0	1	0	0	0	264	41	1
43	0	0	1	0	0	0	305	0	1
44	0	0	0	1	0	0	305	104	1
45	0	0	0	1	0	0	409	45	1
46	0	0	0	1	0	0	454	57	1
47	0	0	0	1	0	0	511	73	1
48	0	0	0	1	0	0	584	263	1
49	0	0	0	1	0	0	847	0	1
50	0	0	0	1	0	0	847	139	1
51	0	0	0	0	1	0	986	314	1
52	0	0	0	0	1	0	1300	20	1
53	0	0	0	0	1	0	1320	103	1
54	0	0	0	0	1	0	1423	45	1
55	0	0	0	0	1	0	1468	104	1
56	0	0	0	0	1	0	1572	94	1
57	0	0	0	0	1	0	1666	95	1
58	0	0	0	0	0	1	1761	64	1
59	0	0	0	0	0	1	1825	89	1
60	0	0	0	0	0	1	1914	69	1
61	0	0	0	0	0	1	1983	87	1
62	0	0	0	0	0	1	2070	90	1
1	1	0	0	0	0	0	0	0	2
2	1	0	0	0	0	0	0	0	2
3	1	0	0	0	0	0	0	0	2
4	1	0	0	0	0	0	0	0	2
5	1	0	0	0	0	0	0	0	2
6	1	0	0	0	0	0	0	0	2
7	1	0	0	0	0	0	0	0	2
8	1	0	0	0	0	0	0	0	2
9	1	0	0	0	0	0	0	0	2
10	1	0	0	0	0	0	0	0	2
11	1	0	0	0	0	0	0	0	2
12	1	0	0	0	0	0	0	0	2
13	1	0	0	0	0	0	0	0	2
14	1	0	0	0	0	0	0	0	2
15	1	0	0	0	0	0	0	0	2
16	1	0	0	0	0	0	0	0	2
17	1	0	0	0	0	0	0	0	2
18	1	0	0	0	0	0	0	0	2
19	1	0	0	0	0	0	0	0	2
20	1	0	0	0	0	0	0	0	2
21	1	0	0	0	0	0	0	0	2
22	1	0	0	0	0	0	0	0	2
23	1	0	0	0	0	0	0	0	2
24	1	0	0	0	0	0	0	0	2
25	1	0	0	0	0	0	0	0	2
26	1	0	0	0	0	0	0	0	2
27	1	0	0	0	0	0	0	0	2
28	1	0	0	0	0	0	0	0	2
29	1	0	0	0	0	0	0	0	2
30	0	1	0	0	0	0	0	0	2
31	0	1	0	0	0	0	0	0	2
32	0	1	0	0	0	0	0	0	2
33	0	1	0	0	0	0	0	0	2
34	0	1	0	0	0	0	0	0	2
35	0	1	0	0	0	0	0	0	2
36	0	1	0	0	0	0	0	0	2
37	0	0	1	0	0	0	0	2	2
38	0	0	1	0	0	0	2	0	2
39	0	0	1	0	0	0	2	0	2
40	0	0	1	0	0	0	2	0	2
41	0	0	1	0	0	0	2	0	2
42	0	0	1	0	0	0	2	1	2
43	0	0	1	0	0	0	3	1	2
44	0	0	0	1	0	0	4	0	2
45	0	0	0	1	0	0	4	3	2
46	0	0	0	1	0	0	7	0	2
47	0	0	0	1	0	0	7	0	2
48	0	0	0	1	0	0	7	1	2
49	0	0	0	1	0	0	8	0	2
50	0	0	0	1	0	0	8	0	2
51	0	0	0	0	1	0	8	2	2
52	0	0	0	0	1	0	10	4	2
53	0	0	0	0	1	0	14	2	2
54	0	0	0	0	1	0	16	1	2
55	0	0	0	0	1	0	17	2	2
56	0	0	0	0	1	0	19	0	2
57	0	0	0	0	1	0	19	0	2
58	0	0	0	0	0	1	19	0	2
59	0	0	0	0	0	1	19	0	2
60	0	0	0	0	0	1	19	0	2
61	0	0	0	0	0	1	19	0	2
62	0	0	0	0	0	1	19	0	2
1	1	0	0	0	0	0	0	0	3
2	1	0	0	0	0	0	0	0	3
3	1	0	0	0	0	0	0	0	3
4	1	0	0	0	0	0	0	0	3
5	1	0	0	0	0	0	0	0	3
6	1	0	0	0	0	0	0	0	3
7	1	0	0	0	0	0	0	0	3
8	1	0	0	0	0	0	0	0	3
9	1	0	0	0	0	0	0	0	3
10	1	0	0	0	0	0	0	0	3
11	1	0	0	0	0	0	0	0	3
12	1	0	0	0	0	0	0	0	3
13	1	0	0	0	0	0	0	0	3
14	1	0	0	0	0	0	0	0	3
15	1	0	0	0	0	0	0	0	3
16	1	0	0	0	0	0	0	0	3
17	1	0	0	0	0	0	0	0	3
18	1	0	0	0	0	0	0	0	3
19	1	0	0	0	0	0	0	0	3
20	1	0	0	0	0	0	0	0	3
21	1	0	0	0	0	0	0	0	3
22	1	0	0	0	0	0	0	0	3
23	1	0	0	0	0	0	0	0	3
24	1	0	0	0	0	0	0	0	3
25	1	0	0	0	0	0	0	0	3
26	1	0	0	0	0	0	0	0	3
27	1	0	0	0	0	0	0	0	3
28	1	0	0	0	0	0	0	0	3
29	1	0	0	0	0	0	0	0	3
30	0	1	0	0	0	0	0	0	3
31	0	1	0	0	0	0	0	0	3
32	0	1	0	0	0	0	0	1	3
33	0	1	0	0	0	0	1	0	3
34	0	1	0	0	0	0	1	0	3
35	0	1	0	0	0	0	1	1	3
36	0	1	0	0	0	0	2	0	3
37	0	0	1	0	0	0	2	0	3
38	0	0	1	0	0	0	2	0	3
39	0	0	1	0	0	0	2	3	3
40	0	0	1	0	0	0	5	0	3
41	0	0	1	0	0	0	5	0	3
42	0	0	1	0	0	0	5	1	3
43	0	0	1	0	0	0	6	0	3
44	0	0	0	1	0	0	6	0	3
45	0	0	0	1	0	0	6	0	3
46	0	0	0	1	0	0	6	0	3
47	0	0	0	1	0	0	6	2	3
48	0	0	0	1	0	0	8	5	3
49	0	0	0	1	0	0	13	0	3
50	0	0	0	1	0	0	13	3	3
51	0	0	0	0	1	0	16	0	3
52	0	0	0	0	1	0	16	6	3
53	0	0	0	0	1	0	22	4	3
54	0	0	0	0	1	0	26	0	3
55	0	0	0	0	1	0	26	0	3
56	0	0	0	0	1	0	26	4	3
57	0	0	0	0	1	0	30	5	3
58	0	0	0	0	0	1	35	0	3
59	0	0	0	0	0	1	35	0	3
60	0	0	0	0	0	1	35	0	3
61	0	0	0	0	0	1	35	0	3
62	0	0	0	0	0	1	35	0	3
1	1	0	0	0	0	0	0	0	4
2	1	0	0	0	0	0	0	0	4
3	1	0	0	0	0	0	0	0	4
4	1	0	0	0	0	0	0	0	4
5	1	0	0	0	0	0	0	0	4
6	1	0	0	0	0	0	0	0	4
7	1	0	0	0	0	0	0	0	4
8	1	0	0	0	0	0	0	0	4
9	1	0	0	0	0	0	0	0	4
10	1	0	0	0	0	0	0	0	4
11	1	0	0	0	0	0	0	0	4
12	1	0	0	0	0	0	0	0	4
13	1	0	0	0	0	0	0	0	4
14	1	0	0	0	0	0	0	0	4
15	1	0	0	0	0	0	0	0	4
16	1	0	0	0	0	0	0	0	4
17	1	0	0	0	0	0	0	0	4
18	1	0	0	0	0	0	0	0	4
19	1	0	0	0	0	0	0	0	4
20	1	0	0	0	0	0	0	0	4
21	1	0	0	0	0	0	0	0	4
22	1	0	0	0	0	0	0	0	4
23	1	0	0	0	0	0	0	0	4
24	1	0	0	0	0	0	0	0	4
25	1	0	0	0	0	0	0	0	4
26	1	0	0	0	0	0	0	0	4
27	1	0	0	0	0	0	0	0	4
28	1	0	0	0	0	0	0	0	4
29	1	0	0	0	0	0	0	0	4
30	0	1	0	0	0	0	0	0	4
31	0	1	0	0	0	0	0	0	4
32	0	1	0	0	0	0	0	0	4
33	0	1	0	0	0	0	0	0	4
34	0	1	0	0	0	0	0	0	4
35	0	1	0	0	0	0	0	0	4
36	0	1	0	0	0	0	0	0	4
37	0	0	1	0	0	0	0	0	4
38	0	0	1	0	0	0	0	0	4
39	0	0	1	0	0	0	0	0	4
40	0	0	1	0	0	0	0	0	4
41	0	0	1	0	0	0	0	0	4
42	0	0	1	0	0	0	0	0	4
43	0	0	1	0	0	0	0	0	4
44	0	0	0	1	0	0	0	0	4
45	0	0	0	1	0	0	0	0	4
46	0	0	0	1	0	0	0	0	4
47	0	0	0	1	0	0	0	3	4
48	0	0	0	1	0	0	3	1	4
49	0	0	0	1	0	0	4	0	4
50	0	0	0	1	0	0	4	0	4
51	0	0	0	0	1	0	4	0	4
52	0	0	0	0	1	0	4	2	4
53	0	0	0	0	1	0	6	0	4
54	0	0	0	0	1	0	6	0	4
55	0	0	0	0	1	0	6	1	4
56	0	0	0	0	1	0	7	6	4
57	0	0	0	0	1	0	13	0	4
58	0	0	0	0	0	1	13	0	4
59	0	0	0	0	0	1	13	0	4
60	0	0	0	0	0	1	13	0	4
61	0	0	0	0	0	1	13	0	4
62	0	0	0	0	0	1	13	0	4
1	1	0	0	0	0	0	0	0	5
2	1	0	0	0	0	0	0	0	5
3	1	0	0	0	0	0	0	0	5
4	1	0	0	0	0	0	0	0	5
5	1	0	0	0	0	0	0	0	5
6	1	0	0	0	0	0	0	0	5
7	1	0	0	0	0	0	0	0	5
8	1	0	0	0	0	0	0	0	5
9	1	0	0	0	0	0	0	0	5
10	1	0	0	0	0	0	0	0	5
11	1	0	0	0	0	0	0	0	5
12	1	0	0	0	0	0	0	0	5
13	1	0	0	0	0	0	0	0	5
14	1	0	0	0	0	0	0	0	5
15	1	0	0	0	0	0	0	0	5
16	1	0	0	0	0	0	0	0	5
17	1	0	0	0	0	0	0	0	5
18	1	0	0	0	0	0	0	0	5
19	1	0	0	0	0	0	0	0	5
20	1	0	0	0	0	0	0	0	5
21	1	0	0	0	0	0	0	0	5
22	1	0	0	0	0	0	0	0	5
23	1	0	0	0	0	0	0	0	5
24	1	0	0	0	0	0	0	0	5
25	1	0	0	0	0	0	0	0	5
26	1	0	0	0	0	0	0	2	5
27	1	0	0	0	0	0	2	0	5
28	1	0	0	0	0	0	2	0	5
29	1	0	0	0	0	0	2	0	5
30	0	1	0	0	0	0	2	1	5
31	0	1	0	0	0	0	3	0	5
32	0	1	0	0	0	0	3	17	5
33	0	1	0	0	0	0	20	0	5
34	0	1	0	0	0	0	20	6	5
35	0	1	0	0	0	0	26	7	5
36	0	1	0	0	0	0	33	7	5
37	0	0	1	0	0	0	40	24	5
38	0	0	1	0	0	0	64	0	5
39	0	0	1	0	0	0	64	11	5
40	0	0	1	0	0	0	75	24	5
41	0	0	1	0	0	0	99	15	5
42	0	0	1	0	0	0	114	32	5
43	0	0	1	0	0	0	146	0	5
44	0	0	0	1	0	0	146	34	5
45	0	0	0	1	0	0	180	0	5
46	0	0	0	1	0	0	180	42	5
47	0	0	0	1	0	0	222	24	5
48	0	0	0	1	0	0	246	15	5
49	0	0	0	1	0	0	261	27	5
50	0	0	0	1	0	0	288	0	5
51	0	0	0	0	1	0	288	14	5
52	0	0	0	0	1	0	302	43	5
53	0	0	0	0	1	0	345	19	5
54	0	0	0	0	1	0	364	20	5
55	0	0	0	0	1	0	384	30	5
56	0	0	0	0	1	0	414	29	5
57	0	0	0	0	1	0	443	5	5
58	0	0	0	0	0	1	448	36	5
59	0	0	0	0	0	1	484	13	5
60	0	0	0	0	0	1	497	18	5
61	0	0	0	0	0	1	515	13	5
62	0	0	0	0	0	1	528	14	5
1	1	0	0	0	0	0	0	0	6
2	1	0	0	0	0	0	0	0	6
3	1	0	0	0	0	0	0	0	6
4	1	0	0	0	0	0	0	0	6
5	1	0	0	0	0	0	0	0	6
6	1	0	0	0	0	0	0	0	6
7	1	0	0	0	0	0	0	0	6
8	1	0	0	0	0	0	0	0	6
9	1	0	0	0	0	0	0	0	6
10	1	0	0	0	0	0	0	0	6
11	1	0	0	0	0	0	0	0	6
12	1	0	0	0	0	0	0	0	6
13	1	0	0	0	0	0	0	0	6
14	1	0	0	0	0	0	0	0	6
15	1	0	0	0	0	0	0	0	6
16	1	0	0	0	0	0	0	0	6
17	1	0	0	0	0	0	0	0	6
18	1	0	0	0	0	0	0	0	6
19	1	0	0	0	0	0	0	0	6
20	1	0	0	0	0	0	0	0	6
21	1	0	0	0	0	0	0	0	6
22	1	0	0	0	0	0	0	0	6
23	1	0	0	0	0	0	0	0	6
24	1	0	0	0	0	0	0	0	6
25	1	0	0	0	0	0	0	0	6
26	1	0	0	0	0	0	0	0	6
27	1	0	0	0	0	0	0	0	6
28	1	0	0	0	0	0	0	0	6
29	1	0	0	0	0	0	0	0	6
30	0	1	0	0	0	0	0	0	6
31	0	1	0	0	0	0	0	0	6
32	0	1	0	0	0	0	0	0	6
33	0	1	0	0	0	0	0	0	6
34	0	1	0	0	0	0	0	0	6
35	0	1	0	0	0	0	0	0	6
36	0	1	0	0	0	0	0	0	6
37	0	0	1	0	0	0	0	0	6
38	0	0	1	0	0	0	0	0	6
39	0	0	1	0	0	0	0	0	6
40	0	0	1	0	0	0	0	0	6
41	0	0	1	0	0	0	0	0	6
42	0	0	1	0	0	0	0	0	6
43	0	0	1	0	0	0	0	0	6
44	0	0	0	1	0	0	0	0	6
45	0	0	0	1	0	0	0	0	6
46	0	0	0	1	0	0	0	0	6
47	0	0	0	1	0	0	0	2	6
48	0	0	0	1	0	0	2	0	6
49	0	0	0	1	0	0	2	1	6
50	0	0	0	1	0	0	3	0	6
51	0	0	0	0	1	0	3	0	6
52	0	0	0	0	1	0	3	0	6
53	0	0	0	0	1	0	3	0	6
54	0	0	0	0	1	0	3	0	6
55	0	0	0	0	1	0	3	0	6
56	0	0	0	0	1	0	3	0	6
57	0	0	0	0	1	0	3	0	6
58	0	0	0	0	0	1	3	2	6
59	0	0	0	0	0	1	5	0	6
60	0	0	0	0	0	1	5	0	6
61	0	0	0	0	0	1	5	0	6
62	0	0	0	0	0	1	5	0	6
1	1	0	0	0	0	0	0	0	7
2	1	0	0	0	0	0	0	0	7
3	1	0	0	0	0	0	0	0	7
4	1	0	0	0	0	0	0	0	7
5	1	0	0	0	0	0	0	0	7
6	1	0	0	0	0	0	0	0	7
7	1	0	0	0	0	0	0	0	7
8	1	0	0	0	0	0	0	0	7
9	1	0	0	0	0	0	0	0	7
10	1	0	0	0	0	0	0	0	7
11	1	0	0	0	0	0	0	0	7
12	1	0	0	0	0	0	0	0	7
13	1	0	0	0	0	0	0	0	7
14	1	0	0	0	0	0	0	0	7
15	1	0	0	0	0	0	0	0	7
16	1	0	0	0	0	0	0	0	7
17	1	0	0	0	0	0	0	0	7
18	1	0	0	0	0	0	0	0	7
19	1	0	0	0	0	0	0	0	7
20	1	0	0	0	0	0	0	0	7
21	1	0	0	0	0	0	0	0	7
22	1	0	0	0	0	0	0	1	7
23	1	0	0	0	0	0	1	0	7
24	1	0	0	0	0	0	1	1	7
25	1	0	0	0	0	0	2	0	7
26	1	0	0	0	0	0	2	0	7
27	1	0	0	0	0	0	2	0	7
28	1	0	0	0	0	0	2	0	7
29	1	0	0	0	0	0	2	0	7
30	0	1	0	0	0	0	2	1	7
31	0	1	0	0	0	0	3	1	7
32	0	1	0	0	0	0	4	0	7
33	0	1	0	0	0	0	4	6	7
34	0	1	0	0	0	0	10	0	7
35	0	1	0	0	0	0	10	4	7
36	0	1	0	0	0	0	14	13	7
37	0	0	1	0	0	0	27	0	7
38	0	0	1	0	0	0	27	0	7
39	0	0	1	0	0	0	27	29	7
40	0	0	1	0	0	0	56	16	7
41	0	0	1	0	0	0	72	0	7
42	0	0	1	0	0	0	72	16	7
43	0	0	1	0	0	0	88	0	7
44	0	0	0	1	0	0	88	11	7
45	0	0	0	1	0	0	99	0	7
46	0	0	0	1	0	0	99	43	7
47	0	0	0	1	0	0	142	51	7
48	0	0	0	1	0	0	193	40	7
49	0	0	0	1	0	0	233	38	7
50	0	0	0	1	0	0	271	238	7
51	0	0	0	0	1	0	509	46	7
52	0	0	0	0	1	0	555	95	7
53	0	0	0	0	1	0	650	8	7
54	0	0	0	0	1	0	658	27	7
55	0	0	0	0	1	0	685	45	7
56	0	0	0	0	1	0	730	0	7
57	0	0	0	0	1	0	730	73	7
58	0	0	0	0	0	1	803	17	7
59	0	0	0	0	0	1	820	0	7
60	0	0	0	0	0	1	820	0	7
61	0	0	0	0	0	1	820	35	7
62	0	0	0	0	0	1	855	0	7
1	1	0	0	0	0	0	0	0	8
2	1	0	0	0	0	0	0	0	8
3	1	0	0	0	0	0	0	0	8
4	1	0	0	0	0	0	0	0	8
5	1	0	0	0	0	0	0	0	8
6	1	0	0	0	0	0	0	0	8
7	1	0	0	0	0	0	0	0	8
8	1	0	0	0	0	0	0	0	8
9	1	0	0	0	0	0	0	0	8
10	1	0	0	0	0	0	0	0	8
11	1	0	0	0	0	0	0	0	8
12	1	0	0	0	0	0	0	0	8
13	1	0	0	0	0	0	0	0	8
14	1	0	0	0	0	0	0	0	8
15	1	0	0	0	0	0	0	0	8
16	1	0	0	0	0	0	0	0	8
17	1	0	0	0	0	0	0	0	8
18	1	0	0	0	0	0	0	0	8
19	1	0	0	0	0	0	0	0	8
20	1	0	0	0	0	0	0	0	8
21	1	0	0	0	0	0	0	0	8
22	1	0	0	0	0	0	0	0	8
23	1	0	0	0	0	0	0	0	8
24	1	0	0	0	0	0	0	0	8
25	1	0	0	0	0	0	0	0	8
26	1	0	0	0	0	0	0	0	8
27	1	0	0	0	0	0	0	0	8
28	1	0	0	0	0	0	0	0	8
29	1	0	0	0	0	0	0	0	8
30	0	1	0	0	0	0	0	0	8
31	0	1	0	0	0	0	0	1	8
32	0	1	0	0	0	0	1	0	8
33	0	1	0	0	0	0	1	0	8
34	0	1	0	0	0	0	1	0	8
35	0	1	0	0	0	0	1	0	8
36	0	1	0	0	0	0	1	0	8
37	0	0	1	0	0	0	1	2	8
38	0	0	1	0	0	0	3	1	8
39	0	0	1	0	0	0	4	0	8
40	0	0	1	0	0	0	4	0	8
41	0	0	1	0	0	0	4	0	8
42	0	0	1	0	0	0	4	1	8
43	0	0	1	0	0	0	5	0	8
44	0	0	0	1	0	0	5	1	8
45	0	0	0	1	0	0	6	0	8
46	0	0	0	1	0	0	6	0	8
47	0	0	0	1	0	0	6	0	8
48	0	0	0	1	0	0	6	2	8
49	0	0	0	1	0	0	8	0	8
50	0	0	0	1	0	0	8	0	8
51	0	0	0	0	1	0	8	1	8
52	0	0	0	0	1	0	9	0	8
53	0	0	0	0	1	0	9	0	8
54	0	0	0	0	1	0	9	0	8
55	0	0	0	0	1	0	9	1	8
56	0	0	0	0	1	0	10	1	8
57	0	0	0	0	1	0	11	0	8
58	0	0	0	0	0	1	11	0	8
59	0	0	0	0	0	1	11	0	8
60	0	0	0	0	0	1	11	0	8
61	0	0	0	0	0	1	11	0	8
62	0	0	0	0	0	1	11	1	8
1	1	0	0	0	0	0	0	0	9
2	1	0	0	0	0	0	0	0	9
3	1	0	0	0	0	0	0	0	9
4	1	0	0	0	0	0	0	0	9
5	1	0	0	0	0	0	0	0	9
6	1	0	0	0	0	0	0	0	9
7	1	0	0	0	0	0	0	0	9
8	1	0	0	0	0	0	0	0	9
9	1	0	0	0	0	0	0	0	9
10	1	0	0	0	0	0	0	0	9
11	1	0	0	0	0	0	0	0	9
12	1	0	0	0	0	0	0	0	9
13	1	0	0	0	0	0	0	0	9
14	1	0	0	0	0	0	0	0	9
15	1	0	0	0	0	0	0	0	9
16	1	0	0	0	0	0	0	0	9
17	1	0	0	0	0	0	0	0	9
18	1	0	0	0	0	0	0	0	9
19	1	0	0	0	0	0	0	0	9
20	1	0	0	0	0	0	0	0	9
21	1	0	0	0	0	0	0	0	9
22	1	0	0	0	0	0	0	0	9
23	1	0	0	0	0	0	0	0	9
24	1	0	0	0	0	0	0	0	9
25	1	0	0	0	0	0	0	0	9
26	1	0	0	0	0	0	0	0	9
27	1	0	0	0	0	0	0	0	9
28	1	0	0	0	0	0	0	0	9
29	1	0	0	0	0	0	0	0	9
30	0	1	0	0	0	0	0	0	9
31	0	1	0	0	0	0	0	0	9
32	0	1	0	0	0	0	0	0	9
33	0	1	0	0	0	0	0	0	9
34	0	1	0	0	0	0	0	0	9
35	0	1	0	0	0	0	0	1	9
36	0	1	0	0	0	0	1	0	9
37	0	0	1	0	0	0	1	1	9
38	0	0	1	0	0	0	2	0	9
39	0	0	1	0	0	0	2	0	9
40	0	0	1	0	0	0	2	1	9
41	0	0	1	0	0	0	3	0	9
42	0	0	1	0	0	0	3	2	9
43	0	0	1	0	0	0	5	0	9
44	0	0	0	1	0	0	5	0	9
45	0	0	0	1	0	0	5	0	9
46	0	0	0	1	0	0	5	2	9
47	0	0	0	1	0	0	7	0	9
48	0	0	0	1	0	0	7	0	9
49	0	0	0	1	0	0	7	0	9
50	0	0	0	1	0	0	7	0	9
51	0	0	0	0	1	0	7	1	9
52	0	0	0	0	1	0	8	1	9
53	0	0	0	0	1	0	9	0	9
54	0	0	0	0	1	0	9	0	9
55	0	0	0	0	1	0	9	1	9
56	0	0	0	0	1	0	10	1	9
57	0	0	0	0	1	0	11	0	9
58	0	0	0	0	0	1	11	0	9
59	0	0	0	0	0	1	11	4	9
60	0	0	0	0	0	1	15	8	9
61	0	0	0	0	0	1	23	0	9
62	0	0	0	0	0	1	23	0	9
1	1	0	0	0	0	0	0	0	10
2	1	0	0	0	0	0	0	0	10
3	1	0	0	0	0	0	0	0	10
4	1	0	0	0	0	0	0	0	10
5	1	0	0	0	0	0	0	0	10
6	1	0	0	0	0	0	0	0	10
7	1	0	0	0	0	0	0	0	10
8	1	0	0	0	0	0	0	0	10
9	1	0	0	0	0	0	0	0	10
10	1	0	0	0	0	0	0	0	10
11	1	0	0	0	0	0	0	0	10
12	1	0	0	0	0	0	0	0	10
13	1	0	0	0	0	0	0	0	10
14	1	0	0	0	0	0	0	0	10
15	1	0	0	0	0	0	0	0	10
16	1	0	0	0	0	0	0	0	10
17	1	0	0	0	0	0	0	0	10
18	1	0	0	0	0	0	0	0	10
19	1	0	0	0	0	0	0	0	10
20	1	0	0	0	0	0	0	0	10
21	1	0	0	0	0	0	0	0	10
22	1	0	0	0	0	0	0	0	10
23	1	0	0	0	0	0	0	0	10
24	1	0	0	0	0	0	0	0	10
25	1	0	0	0	0	0	0	0	10
26	1	0	0	0	0	0	0	0	10
27	1	0	0	0	0	0	0	0	10
28	1	0	0	0	0	0	0	0	10
29	1	0	0	0	0	0	0	0	10
30	0	1	0	0	0	0	0	0	10
31	0	1	0	0	0	0	0	1	10
32	0	1	0	0	0	0	1	0	10
33	0	1	0	0	0	0	1	0	10
34	0	1	0	0	0	0	1	2	10
35	0	1	0	0	0	0	3	0	10
36	0	1	0	0	0	0	3	0	10
37	0	0	1	0	0	0	3	1	10
38	0	0	1	0	0	0	4	0	10
39	0	0	1	0	0	0	4	0	10
40	0	0	1	0	0	0	4	0	10
41	0	0	1	0	0	0	4	0	10
42	0	0	1	0	0	0	4	0	10
43	0	0	1	0	0	0	4	0	10
44	0	0	0	1	0	0	4	15	10
45	0	0	0	1	0	0	19	0	10
46	0	0	0	1	0	0	19	0	10
47	0	0	0	1	0	0	19	3	10
48	0	0	0	1	0	0	22	0	10
49	0	0	0	1	0	0	22	19	10
50	0	0	0	1	0	0	41	0	10
51	0	0	0	0	1	0	41	4	10
52	0	0	0	0	1	0	45	0	10
53	0	0	0	0	1	0	45	0	10
54	0	0	0	0	1	0	45	0	10
55	0	0	0	0	1	0	45	15	10
56	0	0	0	0	1	0	60	0	10
57	0	0	0	0	1	0	60	0	10
58	0	0	0	0	0	1	60	0	10
59	0	0	0	0	0	1	60	10	10
60	0	0	0	0	0	1	70	0	10
61	0	0	0	0	0	1	70	4	10
62	0	0	0	0	0	1	74	43	10
1	1	0	0	0	0	0	0	0	12
2	1	0	0	0	0	0	0	0	12
3	1	0	0	0	0	0	0	0	12
4	1	0	0	0	0	0	0	0	12
5	1	0	0	0	0	0	0	0	12
6	1	0	0	0	0	0	0	0	12
7	1	0	0	0	0	0	0	0	12
8	1	0	0	0	0	0	0	0	12
9	1	0	0	0	0	0	0	0	12
10	1	0	0	0	0	0	0	0	12
11	1	0	0	0	0	0	0	0	12
12	1	0	0	0	0	0	0	0	12
13	1	0	0	0	0	0	0	0	12
14	1	0	0	0	0	0	0	0	12
15	1	0	0	0	0	0	0	0	12
16	1	0	0	0	0	0	0	0	12
17	1	0	0	0	0	0	0	0	12
18	1	0	0	0	0	0	0	0	12
19	1	0	0	0	0	0	0	0	12
20	1	0	0	0	0	0	0	0	12
21	1	0	0	0	0	0	0	0	12
22	1	0	0	0	0	0	0	0	12
23	1	0	0	0	0	0	0	0	12
24	1	0	0	0	0	0	0	0	12
25	1	0	0	0	0	0	0	0	12
26	1	0	0	0	0	0	0	0	12
27	1	0	0	0	0	0	0	1	12
28	1	0	0	0	0	0	1	0	12
29	1	0	0	0	0	0	1	0	12
30	0	1	0	0	0	0	1	3	12
31	0	1	0	0	0	0	4	0	12
32	0	1	0	0	0	0	4	1	12
33	0	1	0	0	0	0	5	0	12
34	0	1	0	0	0	0	5	1	12
35	0	1	0	0	0	0	6	3	12
36	0	1	0	0	0	0	9	5	12
37	0	0	1	0	0	0	14	3	12
38	0	0	1	0	0	0	17	8	12
39	0	0	1	0	0	0	25	0	12
40	0	0	1	0	0	0	25	48	12
41	0	0	1	0	0	0	73	7	12
42	0	0	1	0	0	0	80	16	12
43	0	0	1	0	0	0	96	5	12
44	0	0	0	1	0	0	101	39	12
45	0	0	0	1	0	0	140	25	12
46	0	0	0	1	0	0	165	3	12
47	0	0	0	1	0	0	168	0	12
48	0	0	0	1	0	0	168	22	12
49	0	0	0	1	0	0	190	4	12
50	0	0	0	1	0	0	194	24	12
51	0	0	0	0	1	0	218	27	12
52	0	0	0	0	1	0	245	16	12
53	0	0	0	0	1	0	261	62	12
54	0	0	0	0	1	0	323	26	12
55	0	0	0	0	1	0	349	35	12
56	0	0	0	0	1	0	384	60	12
57	0	0	0	0	1	0	444	36	12
58	0	0	0	0	0	1	480	53	12
59	0	0	0	0	0	1	533	41	12
60	0	0	0	0	0	1	574	52	12
61	0	0	0	0	0	1	626	0	12
62	0	0	0	0	0	1	626	0	12
1	1	0	0	0	0	0	0	0	11
2	1	0	0	0	0	0	0	0	11
3	1	0	0	0	0	0	0	0	11
4	1	0	0	0	0	0	0	0	11
5	1	0	0	0	0	0	0	0	11
6	1	0	0	0	0	0	0	0	11
7	1	0	0	0	0	0	0	0	11
8	1	0	0	0	0	0	0	0	11
9	1	0	0	0	0	0	0	0	11
10	1	0	0	0	0	0	0	0	11
11	1	0	0	0	0	0	0	0	11
12	1	0	0	0	0	0	0	0	11
13	1	0	0	0	0	0	0	0	11
14	1	0	0	0	0	0	0	0	11
15	1	0	0	0	0	0	0	0	11
16	1	0	0	0	0	0	0	0	11
17	1	0	0	0	0	0	0	0	11
18	1	0	0	0	0	0	0	0	11
19	1	0	0	0	0	0	0	0	11
20	1	0	0	0	0	0	0	0	11
21	1	0	0	0	0	0	0	0	11
22	1	0	0	0	0	0	0	0	11
23	1	0	0	0	0	0	0	0	11
24	1	0	0	0	0	0	0	0	11
25	1	0	0	0	0	0	0	0	11
26	1	0	0	0	0	0	0	1	11
27	1	0	0	0	0	0	1	0	11
28	1	0	0	0	0	0	1	0	11
29	1	0	0	0	0	0	1	1	11
30	0	1	0	0	0	0	2	0	11
31	0	1	0	0	0	0	2	0	11
32	0	1	0	0	0	0	2	1	11
33	0	1	0	0	0	0	3	0	11
34	0	1	0	0	0	0	3	11	11
35	0	1	0	0	0	0	14	0	11
36	0	1	0	0	0	0	14	0	11
37	0	0	1	0	0	0	14	9	11
38	0	0	1	0	0	0	23	3	11
39	0	0	1	0	0	0	26	0	11
40	0	0	1	0	0	0	26	19	11
41	0	0	1	0	0	0	45	0	11
42	0	0	1	0	0	0	45	9	11
43	0	0	1	0	0	0	54	4	11
44	0	0	0	1	0	0	58	0	11
45	0	0	0	1	0	0	58	23	11
46	0	0	0	1	0	0	81	17	11
47	0	0	0	1	0	0	98	0	11
48	0	0	0	1	0	0	98	25	11
49	0	0	0	1	0	0	123	0	11
50	0	0	0	1	0	0	123	11	11
51	0	0	0	0	1	0	134	20	11
52	0	0	0	0	1	0	154	0	11
53	0	0	0	0	1	0	154	7	11
54	0	0	0	0	1	0	161	19	11
55	0	0	0	0	1	0	180	3	11
56	0	0	0	0	1	0	183	32	11
57	0	0	0	0	1	0	215	8	11
58	0	0	0	0	0	1	223	11	11
59	0	0	0	0	0	1	234	0	11
60	0	0	0	0	0	1	234	1	11
61	0	0	0	0	0	1	235	19	11
62	0	0	0	0	0	1	254	13	11
1	1	0	0	0	0	0	0	1	13
2	1	0	0	0	0	0	1	0	13
3	1	0	0	0	0	0	1	0	13
4	1	0	0	0	0	0	1	0	13
5	1	0	0	0	0	0	1	0	13
6	1	0	0	0	0	0	1	0	13
7	1	0	0	0	0	0	1	0	13
8	1	0	0	0	0	0	1	0	13
9	1	0	0	0	0	0	1	0	13
10	1	0	0	0	0	0	1	0	13
11	1	0	0	0	0	0	1	0	13
12	1	0	0	0	0	0	1	0	13
13	1	0	0	0	0	0	1	0	13
14	1	0	0	0	0	0	1	0	13
15	1	0	0	0	0	0	1	0	13
16	1	0	0	0	0	0	1	0	13
17	1	0	0	0	0	0	1	1	13
18	1	0	0	0	0	0	2	0	13
19	1	0	0	0	0	0	2	0	13
20	1	0	0	0	0	0	2	0	13
21	1	0	0	0	0	0	2	1	13
22	1	0	0	0	0	0	3	12	13
23	1	0	0	0	0	0	15	0	13
24	1	0	0	0	0	0	15	34	13
25	1	0	0	0	0	0	49	6	13
26	1	0	0	0	0	0	55	4	13
27	1	0	0	0	0	0	59	1	13
28	1	0	0	0	0	0	60	20	13
29	1	0	0	0	0	0	80	13	13
30	0	1	0	0	0	0	93	0	13
31	0	1	0	0	0	0	93	17	13
32	0	1	0	0	0	0	110	16	13
33	0	1	0	0	0	0	126	40	13
34	0	1	0	0	0	0	166	30	13
35	0	1	0	0	0	0	196	14	13
36	0	1	0	0	0	0	210	46	13
37	0	0	1	0	0	0	256	29	13
38	0	0	1	0	0	0	285	9	13
39	0	0	1	0	0	0	294	33	13
40	0	0	1	0	0	0	327	39	13
41	0	0	1	0	0	0	366	76	13
42	0	0	1	0	0	0	442	14	13
43	0	0	1	0	0	0	456	39	13
44	0	0	0	1	0	0	495	41	13
45	0	0	0	1	0	0	536	40	13
46	0	0	0	1	0	0	576	33	13
47	0	0	0	1	0	0	609	47	13
48	0	0	0	1	0	0	656	54	13
49	0	0	0	1	0	0	710	69	13
50	0	0	0	1	0	0	779	0	13
51	0	0	0	0	1	0	779	206	13
52	0	0	0	0	1	0	985	85	13
53	0	0	0	0	1	0	1070	3	13
54	0	0	0	0	1	0	1073	249	13
55	0	0	0	0	1	0	1322	238	13
56	0	0	0	0	1	0	1560	139	13
57	0	0	0	0	1	0	1699	95	13
58	0	0	0	0	0	1	1794	145	13
59	0	0	0	0	0	1	1939	126	13
60	0	0	0	0	0	1	2065	125	13
61	0	0	0	0	0	1	2190	160	13
62	0	0	0	0	0	1	2350	155	13
1	1	0	0	0	0	0	0	0	43
2	1	0	0	0	0	0	0	0	43
3	1	0	0	0	0	0	0	0	43
4	1	0	0	0	0	0	0	0	43
5	1	0	0	0	0	0	0	0	43
6	1	0	0	0	0	0	0	0	43
7	1	0	0	0	0	0	0	0	43
8	1	0	0	0	0	0	0	0	43
9	1	0	0	0	0	0	0	0	43
10	1	0	0	0	0	0	0	0	43
11	1	0	0	0	0	0	0	0	43
12	1	0	0	0	0	0	0	0	43
13	1	0	0	0	0	0	0	0	43
14	1	0	0	0	0	0	0	0	43
15	1	0	0	0	0	0	0	0	43
16	1	0	0	0	0	0	0	0	43
17	1	0	0	0	0	0	0	0	43
18	1	0	0	0	0	0	0	0	43
19	1	0	0	0	0	0	0	0	43
20	1	0	0	0	0	0	0	0	43
21	1	0	0	0	0	0	0	0	43
22	1	0	0	0	0	0	0	0	43
23	1	0	0	0	0	0	0	0	43
24	1	0	0	0	0	0	0	0	43
25	1	0	0	0	0	0	0	0	43
26	1	0	0	0	0	0	0	0	43
27	1	0	0	0	0	0	0	0	43
28	1	0	0	0	0	0	0	0	43
29	1	0	0	0	0	0	0	0	43
30	0	1	0	0	0	0	0	1	43
31	0	1	0	0	0	0	1	0	43
32	0	1	0	0	0	0	1	0	43
33	0	1	0	0	0	0	1	0	43
34	0	1	0	0	0	0	1	2	43
35	0	1	0	0	0	0	3	1	43
36	0	1	0	0	0	0	4	0	43
37	0	0	1	0	0	0	4	2	43
38	0	0	1	0	0	0	6	0	43
39	0	0	1	0	0	0	6	3	43
40	0	0	1	0	0	0	9	0	43
41	0	0	1	0	0	0	9	2	43
42	0	0	1	0	0	0	11	1	43
43	0	0	1	0	0	0	12	1	43
44	0	0	0	1	0	0	13	0	43
45	0	0	0	1	0	0	13	1	43
46	0	0	0	1	0	0	14	0	43
47	0	0	0	1	0	0	14	1	43
48	0	0	0	1	0	0	15	0	43
49	0	0	0	1	0	0	15	0	43
50	0	0	0	1	0	0	15	1	43
51	0	0	0	0	1	0	16	0	43
52	0	0	0	0	1	0	16	0	43
53	0	0	0	0	1	0	16	0	43
54	0	0	0	0	1	0	16	0	43
55	0	0	0	0	1	0	16	2	43
56	0	0	0	0	1	0	18	0	43
57	0	0	0	0	1	0	18	0	43
58	0	0	0	0	0	1	18	0	43
59	0	0	0	0	0	1	18	3	43
60	0	0	0	0	0	1	21	0	43
61	0	0	0	0	0	1	21	20	43
62	0	0	0	0	0	1	41	10	43
1	1	0	0	0	0	0	0	0	44
2	1	0	0	0	0	0	0	0	44
3	1	0	0	0	0	0	0	0	44
4	1	0	0	0	0	0	0	0	44
5	1	0	0	0	0	0	0	0	44
6	1	0	0	0	0	0	0	0	44
7	1	0	0	0	0	0	0	0	44
8	1	0	0	0	0	0	0	0	44
9	1	0	0	0	0	0	0	0	44
10	1	0	0	0	0	0	0	0	44
11	1	0	0	0	0	0	0	0	44
12	1	0	0	0	0	0	0	0	44
13	1	0	0	0	0	0	0	0	44
14	1	0	0	0	0	0	0	0	44
15	1	0	0	0	0	0	0	0	44
16	1	0	0	0	0	0	0	0	44
17	1	0	0	0	0	0	0	0	44
18	1	0	0	0	0	0	0	0	44
19	1	0	0	0	0	0	0	0	44
20	1	0	0	0	0	0	0	0	44
21	1	0	0	0	0	0	0	0	44
22	1	0	0	0	0	0	0	0	44
23	1	0	0	0	0	0	0	0	44
24	1	0	0	0	0	0	0	0	44
25	1	0	0	0	0	0	0	0	44
26	1	0	0	0	0	0	0	0	44
27	1	0	0	0	0	0	0	0	44
28	1	0	0	0	0	0	0	0	44
29	1	0	0	0	0	0	0	0	44
30	0	1	0	0	0	0	0	0	44
31	0	1	0	0	0	0	0	0	44
32	0	1	0	0	0	0	0	0	44
33	0	1	0	0	0	0	0	0	44
34	0	1	0	0	0	0	0	0	44
35	0	1	0	0	0	0	0	0	44
36	0	1	0	0	0	0	0	0	44
37	0	0	1	0	0	0	0	1	44
38	0	0	1	0	0	0	1	0	44
39	0	0	1	0	0	0	1	0	44
40	0	0	1	0	0	0	1	0	44
41	0	0	1	0	0	0	1	3	44
42	0	0	1	0	0	0	4	2	44
43	0	0	1	0	0	0	6	0	44
44	0	0	0	1	0	0	6	0	44
45	0	0	0	1	0	0	6	6	44
46	0	0	0	1	0	0	12	0	44
47	0	0	0	1	0	0	12	3	44
48	0	0	0	1	0	0	15	3	44
49	0	0	0	1	0	0	18	4	44
50	0	0	0	1	0	0	22	0	44
51	0	0	0	0	1	0	22	7	44
52	0	0	0	0	1	0	29	0	44
53	0	0	0	0	1	0	29	2	44
54	0	0	0	0	1	0	31	0	44
55	0	0	0	0	1	0	31	2	44
56	0	0	0	0	1	0	33	0	44
57	0	0	0	0	1	0	33	1	44
58	0	0	0	0	0	1	34	0	44
59	0	0	0	0	0	1	34	0	44
60	0	0	0	0	0	1	34	0	44
61	0	0	0	0	0	1	34	1	44
62	0	0	0	0	0	1	35	0	44
1	1	0	0	0	0	0	0	0	14
2	1	0	0	0	0	0	0	0	14
3	1	0	0	0	0	0	0	0	14
4	1	0	0	0	0	0	0	0	14
5	1	0	0	0	0	0	0	0	14
6	1	0	0	0	0	0	0	0	14
7	1	0	0	0	0	0	0	0	14
8	1	0	0	0	0	0	0	0	14
9	1	0	0	0	0	0	0	0	14
10	1	0	0	0	0	0	0	0	14
11	1	0	0	0	0	0	0	0	14
12	1	0	0	0	0	0	0	0	14
13	1	0	0	0	0	0	0	0	14
14	1	0	0	0	0	0	0	0	14
15	1	0	0	0	0	0	0	0	14
16	1	0	0	0	0	0	0	0	14
17	1	0	0	0	0	0	0	0	14
18	1	0	0	0	0	0	0	0	14
19	1	0	0	0	0	0	0	0	14
20	1	0	0	0	0	0	0	0	14
21	1	0	0	0	0	0	0	0	14
22	1	0	0	0	0	0	0	0	14
23	1	0	0	0	0	0	0	0	14
24	1	0	0	0	0	0	0	0	14
25	1	0	0	0	0	0	0	0	14
26	1	0	0	0	0	0	0	0	14
27	1	0	0	0	0	0	0	0	14
28	1	0	0	0	0	0	0	0	14
29	1	0	0	0	0	0	0	1	14
30	0	1	0	0	0	0	1	0	14
31	0	1	0	0	0	0	1	3	14
32	0	1	0	0	0	0	4	1	14
33	0	1	0	0	0	0	5	0	14
34	0	1	0	0	0	0	5	1	14
35	0	1	0	0	0	0	6	1	14
36	0	1	0	0	0	0	7	2	14
37	0	0	1	0	0	0	9	0	14
38	0	0	1	0	0	0	9	2	14
39	0	0	1	0	0	0	11	0	14
40	0	0	1	0	0	0	11	0	14
41	0	0	1	0	0	0	11	1	14
42	0	0	1	0	0	0	12	0	14
43	0	0	1	0	0	0	12	4	14
44	0	0	0	1	0	0	16	0	14
45	0	0	0	1	0	0	16	0	14
46	0	0	0	1	0	0	16	7	14
47	0	0	0	1	0	0	23	2	14
48	0	0	0	1	0	0	25	4	14
49	0	0	0	1	0	0	29	0	14
50	0	0	0	1	0	0	29	6	14
51	0	0	0	0	1	0	35	3	14
52	0	0	0	0	1	0	38	5	14
53	0	0	0	0	1	0	43	1	14
54	0	0	0	0	1	0	44	8	14
55	0	0	0	0	1	0	52	3	14
56	0	0	0	0	1	0	55	1	14
57	0	0	0	0	1	0	56	9	14
58	0	0	0	0	0	1	65	4	14
59	0	0	0	0	0	1	69	2	14
60	0	0	0	0	0	1	71	3	14
61	0	0	0	0	0	1	74	8	14
62	0	0	0	0	0	1	82	3	14
1	1	0	0	0	0	0	0	0	15
2	1	0	0	0	0	0	0	0	15
3	1	0	0	0	0	0	0	0	15
4	1	0	0	0	0	0	0	0	15
5	1	0	0	0	0	0	0	0	15
6	1	0	0	0	0	0	0	0	15
7	1	0	0	0	0	0	0	0	15
8	1	0	0	0	0	0	0	0	15
9	1	0	0	0	0	0	0	0	15
10	1	0	0	0	0	0	0	0	15
11	1	0	0	0	0	0	0	0	15
12	1	0	0	0	0	0	0	0	15
13	1	0	0	0	0	0	0	0	15
14	1	0	0	0	0	0	0	0	15
15	1	0	0	0	0	0	0	0	15
16	1	0	0	0	0	0	0	0	15
17	1	0	0	0	0	0	0	0	15
18	1	0	0	0	0	0	0	0	15
19	1	0	0	0	0	0	0	0	15
20	1	0	0	0	0	0	0	0	15
21	1	0	0	0	0	0	0	0	15
22	1	0	0	0	0	0	0	0	15
23	1	0	0	0	0	0	0	0	15
24	1	0	0	0	0	0	0	0	15
25	1	0	0	0	0	0	0	0	15
26	1	0	0	0	0	0	0	0	15
27	1	0	0	0	0	0	0	0	15
28	1	0	0	0	0	0	0	1	15
29	1	0	0	0	0	0	1	0	15
30	0	1	0	0	0	0	1	0	15
31	0	1	0	0	0	0	1	0	15
32	0	1	0	0	0	0	1	0	15
33	0	1	0	0	0	0	1	0	15
34	0	1	0	0	0	0	1	2	15
35	0	1	0	0	0	0	3	0	15
36	0	1	0	0	0	0	3	0	15
37	0	0	1	0	0	0	3	0	15
38	0	0	1	0	0	0	3	3	15
39	0	0	1	0	0	0	6	0	15
40	0	0	1	0	0	0	6	0	15
41	0	0	1	0	0	0	6	0	15
42	0	0	1	0	0	0	6	1	15
43	0	0	1	0	0	0	7	0	15
44	0	0	0	1	0	0	7	0	15
45	0	0	0	1	0	0	7	0	15
46	0	0	0	1	0	0	7	0	15
47	0	0	0	1	0	0	7	9	15
48	0	0	0	1	0	0	16	2	15
49	0	0	0	1	0	0	18	0	15
50	0	0	0	1	0	0	18	3	15
51	0	0	0	0	1	0	21	0	15
52	0	0	0	0	1	0	21	0	15
53	0	0	0	0	1	0	21	0	15
54	0	0	0	0	1	0	21	9	15
55	0	0	0	0	1	0	30	3	15
56	0	0	0	0	1	0	33	11	15
57	0	0	0	0	1	0	44	2	15
58	0	0	0	0	0	1	46	3	15
59	0	0	0	0	0	1	49	8	15
60	0	0	0	0	0	1	57	0	15
61	0	0	0	0	0	1	57	18	15
62	0	0	0	0	0	1	75	23	15
1	1	0	0	0	0	0	0	0	47
2	1	0	0	0	0	0	0	0	47
3	1	0	0	0	0	0	0	0	47
4	1	0	0	0	0	0	0	0	47
5	1	0	0	0	0	0	0	0	47
6	1	0	0	0	0	0	0	0	47
7	1	0	0	0	0	0	0	0	47
8	1	0	0	0	0	0	0	0	47
9	1	0	0	0	0	0	0	0	47
10	1	0	0	0	0	0	0	0	47
11	1	0	0	0	0	0	0	0	47
12	1	0	0	0	0	0	0	0	47
13	1	0	0	0	0	0	0	0	47
14	1	0	0	0	0	0	0	0	47
15	1	0	0	0	0	0	0	0	47
16	1	0	0	0	0	0	0	0	47
17	1	0	0	0	0	0	0	0	47
18	1	0	0	0	0	0	0	0	47
19	1	0	0	0	0	0	0	0	47
20	1	0	0	0	0	0	0	0	47
21	1	0	0	0	0	0	0	0	47
22	1	0	0	0	0	0	0	0	47
23	1	0	0	0	0	0	0	0	47
24	1	0	0	0	0	0	0	0	47
25	1	0	0	0	0	0	0	0	47
26	1	0	0	0	0	0	0	0	47
27	1	0	0	0	0	0	0	0	47
28	1	0	0	0	0	0	0	0	47
29	1	0	0	0	0	0	0	0	47
30	0	1	0	0	0	0	0	0	47
31	0	1	0	0	0	0	0	0	47
32	0	1	0	0	0	0	0	0	47
33	0	1	0	0	0	0	0	1	47
34	0	1	0	0	0	0	1	0	47
35	0	1	0	0	0	0	1	0	47
36	0	1	0	0	0	0	1	0	47
37	0	0	1	0	0	0	1	0	47
38	0	0	1	0	0	0	1	0	47
39	0	0	1	0	0	0	1	1	47
40	0	0	1	0	0	0	2	1	47
41	0	0	1	0	0	0	3	0	47
42	0	0	1	0	0	0	3	0	47
43	0	0	1	0	0	0	3	0	47
44	0	0	0	1	0	0	3	0	47
45	0	0	0	1	0	0	3	0	47
46	0	0	0	1	0	0	3	1	47
47	0	0	0	1	0	0	4	0	47
48	0	0	0	1	0	0	4	0	47
49	0	0	0	1	0	0	4	0	47
50	0	0	0	1	0	0	4	0	47
51	0	0	0	0	1	0	4	0	47
52	0	0	0	0	1	0	4	0	47
53	0	0	0	0	1	0	4	0	47
54	0	0	0	0	1	0	4	0	47
55	0	0	0	0	1	0	4	0	47
56	0	0	0	0	1	0	4	0	47
57	0	0	0	0	1	0	4	0	47
58	0	0	0	0	0	1	4	5	47
59	0	0	0	0	0	1	9	0	47
60	0	0	0	0	0	1	9	0	47
61	0	0	0	0	0	1	9	0	47
62	0	0	0	0	0	1	9	0	47
1	1	0	0	0	0	0	0	0	16
2	1	0	0	0	0	0	0	0	16
3	1	0	0	0	0	0	0	0	16
4	1	0	0	0	0	0	0	0	16
5	1	0	0	0	0	0	0	0	16
6	1	0	0	0	0	0	0	0	16
7	1	0	0	0	0	0	0	0	16
8	1	0	0	0	0	0	0	0	16
9	1	0	0	0	0	0	0	0	16
10	1	0	0	0	0	0	0	0	16
11	1	0	0	0	0	0	0	0	16
12	1	0	0	0	0	0	0	0	16
13	1	0	0	0	0	0	0	0	16
14	1	0	0	0	0	0	0	0	16
15	1	0	0	0	0	0	0	0	16
16	1	0	0	0	0	0	0	0	16
17	1	0	0	0	0	0	0	0	16
18	1	0	0	0	0	0	0	0	16
19	1	0	0	0	0	0	0	0	16
20	1	0	0	0	0	0	0	0	16
21	1	0	0	0	0	0	0	0	16
22	1	0	0	0	0	0	0	0	16
23	1	0	0	0	0	0	0	0	16
24	1	0	0	0	0	0	0	0	16
25	1	0	0	0	0	0	0	0	16
26	1	0	0	0	0	0	0	0	16
27	1	0	0	0	0	0	0	0	16
28	1	0	0	0	0	0	0	2	16
29	1	0	0	0	0	0	2	0	16
30	0	1	0	0	0	0	2	0	16
31	0	1	0	0	0	0	2	0	16
32	0	1	0	0	0	0	2	4	16
33	0	1	0	0	0	0	6	0	16
34	0	1	0	0	0	0	6	1	16
35	0	1	0	0	0	0	7	4	16
36	0	1	0	0	0	0	11	5	16
37	0	0	1	0	0	0	16	5	16
38	0	0	1	0	0	0	21	3	16
39	0	0	1	0	0	0	24	3	16
40	0	0	1	0	0	0	27	26	16
41	0	0	1	0	0	0	53	15	16
42	0	0	1	0	0	0	68	64	16
43	0	0	1	0	0	0	132	5	16
44	0	0	0	1	0	0	137	4	16
45	0	0	0	1	0	0	141	11	16
46	0	0	0	1	0	0	152	0	16
47	0	0	0	1	0	0	152	0	16
48	0	0	0	1	0	0	152	43	16
49	0	0	0	1	0	0	195	9	16
50	0	0	0	1	0	0	204	1	16
51	0	0	0	0	1	0	205	9	16
52	0	0	0	0	1	0	214	0	16
53	0	0	0	0	1	0	214	73	16
54	0	0	0	0	1	0	287	0	16
55	0	0	0	0	1	0	287	26	16
56	0	0	0	0	1	0	313	65	16
57	0	0	0	0	1	0	378	0	16
58	0	0	0	0	0	1	378	30	16
59	0	0	0	0	0	1	408	158	16
60	0	0	0	0	0	1	566	0	16
61	0	0	0	0	0	1	566	70	16
62	0	0	0	0	0	1	636	0	16
1	1	0	0	0	0	0	0	0	17
2	1	0	0	0	0	0	0	0	17
3	1	0	0	0	0	0	0	0	17
4	1	0	0	0	0	0	0	0	17
5	1	0	0	0	0	0	0	0	17
6	1	0	0	0	0	0	0	0	17
7	1	0	0	0	0	0	0	0	17
8	1	0	0	0	0	0	0	0	17
9	1	0	0	0	0	0	0	0	17
10	1	0	0	0	0	0	0	0	17
11	1	0	0	0	0	0	0	0	17
12	1	0	0	0	0	0	0	0	17
13	1	0	0	0	0	0	0	0	17
14	1	0	0	0	0	0	0	0	17
15	1	0	0	0	0	0	0	0	17
16	1	0	0	0	0	0	0	0	17
17	1	0	0	0	0	0	0	0	17
18	1	0	0	0	0	0	0	0	17
19	1	0	0	0	0	0	0	0	17
20	1	0	0	0	0	0	0	0	17
21	1	0	0	0	0	0	0	0	17
22	1	0	0	0	0	0	0	0	17
23	1	0	0	0	0	0	0	0	17
24	1	0	0	0	0	0	0	0	17
25	1	0	0	0	0	0	0	0	17
26	1	0	0	0	0	0	0	0	17
27	1	0	0	0	0	0	0	0	17
28	1	0	0	0	0	0	0	0	17
29	1	0	0	0	0	0	0	1	17
30	0	1	0	0	0	0	1	0	17
31	0	1	0	0	0	0	1	0	17
32	0	1	0	0	0	0	1	0	17
33	0	1	0	0	0	0	1	0	17
34	0	1	0	0	0	0	1	0	17
35	0	1	0	0	0	0	1	0	17
36	0	1	0	0	0	0	1	1	17
37	0	0	1	0	0	0	2	0	17
38	0	0	1	0	0	0	2	0	17
39	0	0	1	0	0	0	2	0	17
40	0	0	1	0	0	0	2	2	17
41	0	0	1	0	0	0	4	0	17
42	0	0	1	0	0	0	4	1	17
43	0	0	1	0	0	0	5	0	17
44	0	0	0	1	0	0	5	3	17
45	0	0	0	1	0	0	8	0	17
46	0	0	0	1	0	0	8	8	17
47	0	0	0	1	0	0	16	0	17
48	0	0	0	1	0	0	16	14	17
49	0	0	0	1	0	0	30	22	17
50	0	0	0	1	0	0	52	0	17
51	0	0	0	0	1	0	52	59	17
52	0	0	0	0	1	0	111	10	17
53	0	0	0	0	1	0	121	7	17
54	0	0	0	0	1	0	128	16	17
55	0	0	0	0	1	0	144	20	17
56	0	0	0	0	1	0	164	30	17
57	0	0	0	0	1	0	194	18	17
58	0	0	0	0	0	1	212	38	17
59	0	0	0	0	0	1	250	0	17
60	0	0	0	0	0	1	250	69	17
61	0	0	0	0	0	1	319	44	17
62	0	0	0	0	0	1	363	41	17
1	1	0	0	0	0	0	0	0	18
2	1	0	0	0	0	0	0	0	18
3	1	0	0	0	0	0	0	0	18
4	1	0	0	0	0	0	0	0	18
5	1	0	0	0	0	0	0	0	18
6	1	0	0	0	0	0	0	0	18
7	1	0	0	0	0	0	0	0	18
8	1	0	0	0	0	0	0	0	18
9	1	0	0	0	0	0	0	0	18
10	1	0	0	0	0	0	0	0	18
11	1	0	0	0	0	0	0	0	18
12	1	0	0	0	0	0	0	0	18
13	1	0	0	0	0	0	0	0	18
14	1	0	0	0	0	0	0	0	18
15	1	0	0	0	0	0	0	0	18
16	1	0	0	0	0	0	0	0	18
17	1	0	0	0	0	0	0	0	18
18	1	0	0	0	0	0	0	0	18
19	1	0	0	0	0	0	0	0	18
20	1	0	0	0	0	0	0	0	18
21	1	0	0	0	0	0	0	0	18
22	1	0	0	0	0	0	0	0	18
23	1	0	0	0	0	0	0	0	18
24	1	0	0	0	0	0	0	0	18
25	1	0	0	0	0	0	0	0	18
26	1	0	0	0	0	0	0	0	18
27	1	0	0	0	0	0	0	0	18
28	1	0	0	0	0	0	0	0	18
29	1	0	0	0	0	0	0	0	18
30	0	1	0	0	0	0	0	0	18
31	0	1	0	0	0	0	0	0	18
32	0	1	0	0	0	0	0	0	18
33	0	1	0	0	0	0	0	0	18
34	0	1	0	0	0	0	0	0	18
35	0	1	0	0	0	0	0	0	18
36	0	1	0	0	0	0	0	0	18
37	0	0	1	0	0	0	0	0	18
38	0	0	1	0	0	0	0	0	18
39	0	0	1	0	0	0	0	0	18
40	0	0	1	0	0	0	0	0	18
41	0	0	1	0	0	0	0	0	18
42	0	0	1	0	0	0	0	2	18
43	0	0	1	0	0	0	2	0	18
44	0	0	0	1	0	0	2	0	18
45	0	0	0	1	0	0	2	0	18
46	0	0	0	1	0	0	2	0	18
47	0	0	0	1	0	0	2	6	18
48	0	0	0	1	0	0	8	1	18
49	0	0	0	1	0	0	9	0	18
50	0	0	0	1	0	0	9	6	18
51	0	0	0	0	1	0	15	3	18
52	0	0	0	0	1	0	18	0	18
53	0	0	0	0	1	0	18	15	18
54	0	0	0	0	1	0	33	0	18
55	0	0	0	0	1	0	33	0	18
56	0	0	0	0	1	0	33	2	18
57	0	0	0	0	1	0	35	0	18
58	0	0	0	0	0	1	35	3	18
59	0	0	0	0	0	1	38	1	18
60	0	0	0	0	0	1	39	0	18
61	0	0	0	0	0	1	39	1	18
62	0	0	0	0	0	1	40	0	18
1	1	0	0	0	0	0	0	0	19
2	1	0	0	0	0	0	0	0	19
3	1	0	0	0	0	0	0	0	19
4	1	0	0	0	0	0	0	0	19
5	1	0	0	0	0	0	0	0	19
6	1	0	0	0	0	0	0	0	19
7	1	0	0	0	0	0	0	0	19
8	1	0	0	0	0	0	0	0	19
9	1	0	0	0	0	0	0	0	19
10	1	0	0	0	0	0	0	0	19
11	1	0	0	0	0	0	0	0	19
12	1	0	0	0	0	0	0	0	19
13	1	0	0	0	0	0	0	0	19
14	1	0	0	0	0	0	0	0	19
15	1	0	0	0	0	0	0	0	19
16	1	0	0	0	0	0	0	0	19
17	1	0	0	0	0	0	0	0	19
18	1	0	0	0	0	0	0	0	19
19	1	0	0	0	0	0	0	0	19
20	1	0	0	0	0	0	0	0	19
21	1	0	0	0	0	0	0	0	19
22	1	0	0	0	0	0	0	0	19
23	1	0	0	0	0	0	0	0	19
24	1	0	0	0	0	0	0	0	19
25	1	0	0	0	0	0	0	0	19
26	1	0	0	0	0	0	0	0	19
27	1	0	0	0	0	0	0	0	19
28	1	0	0	0	0	0	0	0	19
29	1	0	0	0	0	0	0	1	19
30	0	1	0	0	0	0	1	0	19
31	0	1	0	0	0	0	1	2	19
32	0	1	0	0	0	0	3	0	19
33	0	1	0	0	0	0	3	1	19
34	0	1	0	0	0	0	4	3	19
35	0	1	0	0	0	0	7	0	19
36	0	1	0	0	0	0	7	0	19
37	0	0	1	0	0	0	7	0	19
38	0	0	1	0	0	0	7	8	19
39	0	0	1	0	0	0	15	1	19
40	0	0	1	0	0	0	16	9	19
41	0	0	1	0	0	0	25	0	19
42	0	0	1	0	0	0	25	6	19
43	0	0	1	0	0	0	31	0	19
44	0	0	0	1	0	0	31	7	19
45	0	0	0	1	0	0	38	4	19
46	0	0	0	1	0	0	42	8	19
47	0	0	0	1	0	0	50	9	19
48	0	0	0	1	0	0	59	22	19
49	0	0	0	1	0	0	81	29	19
50	0	0	0	1	0	0	110	12	19
51	0	0	0	0	1	0	122	4	19
52	0	0	0	0	1	0	126	16	19
53	0	0	0	0	1	0	142	16	19
54	0	0	0	0	1	0	158	14	19
55	0	0	0	0	1	0	172	7	19
56	0	0	0	0	1	0	179	5	19
57	0	0	0	0	1	0	184	5	19
58	0	0	0	0	0	1	189	2	19
59	0	0	0	0	0	1	191	6	19
60	0	0	0	0	0	1	197	11	19
61	0	0	0	0	0	1	208	8	19
62	0	0	0	0	0	1	216	9	19
1	1	0	0	0	0	0	0	0	20
2	1	0	0	0	0	0	0	0	20
3	1	0	0	0	0	0	0	0	20
4	1	0	0	0	0	0	0	0	20
5	1	0	0	0	0	0	0	0	20
6	1	0	0	0	0	0	0	0	20
7	1	0	0	0	0	0	0	0	20
8	1	0	0	0	0	0	0	0	20
9	1	0	0	0	0	0	0	0	20
10	1	0	0	0	0	0	0	0	20
11	1	0	0	0	0	0	0	0	20
12	1	0	0	0	0	0	0	0	20
13	1	0	0	0	0	0	0	0	20
14	1	0	0	0	0	0	0	0	20
15	1	0	0	0	0	0	0	0	20
16	1	0	0	0	0	0	0	0	20
17	1	0	0	0	0	0	0	0	20
18	1	0	0	0	0	0	0	0	20
19	1	0	0	0	0	0	0	0	20
20	1	0	0	0	0	0	0	0	20
21	1	0	0	0	0	0	0	0	20
22	1	0	0	0	0	0	0	0	20
23	1	0	0	0	0	0	0	0	20
24	1	0	0	0	0	0	0	0	20
25	1	0	0	0	0	0	0	0	20
26	1	0	0	0	0	0	0	0	20
27	1	0	0	0	0	0	0	0	20
28	1	0	0	0	0	0	0	0	20
29	1	0	0	0	0	0	0	0	20
30	0	1	0	0	0	0	0	0	20
31	0	1	0	0	0	0	0	0	20
32	0	1	0	0	0	0	0	1	20
33	0	1	0	0	0	0	1	1	20
34	0	1	0	0	0	0	2	0	20
35	0	1	0	0	0	0	2	0	20
36	0	1	0	0	0	0	2	0	20
37	0	0	1	0	0	0	2	1	20
38	0	0	1	0	0	0	3	0	20
39	0	0	1	0	0	0	3	0	20
40	0	0	1	0	0	0	3	0	20
41	0	0	1	0	0	0	3	0	20
42	0	0	1	0	0	0	3	0	20
43	0	0	1	0	0	0	3	0	20
44	0	0	0	1	0	0	3	0	20
45	0	0	0	1	0	0	3	0	20
46	0	0	0	1	0	0	3	0	20
47	0	0	0	1	0	0	3	0	20
48	0	0	0	1	0	0	3	3	20
49	0	0	0	1	0	0	6	0	20
50	0	0	0	1	0	0	6	1	20
51	0	0	0	0	1	0	7	3	20
52	0	0	0	0	1	0	10	3	20
53	0	0	0	0	1	0	13	1	20
54	0	0	0	0	1	0	14	0	20
55	0	0	0	0	1	0	14	17	20
56	0	0	0	0	1	0	31	0	20
57	0	0	0	0	1	0	31	6	20
58	0	0	0	0	0	1	37	11	20
59	0	0	0	0	0	1	48	2	20
60	0	0	0	0	0	1	50	9	20
61	0	0	0	0	0	1	59	0	20
62	0	0	0	0	0	1	59	0	20
1	1	0	0	0	0	0	0	0	21
2	1	0	0	0	0	0	0	0	21
3	1	0	0	0	0	0	0	0	21
4	1	0	0	0	0	0	0	0	21
5	1	0	0	0	0	0	0	0	21
6	1	0	0	0	0	0	0	0	21
7	1	0	0	0	0	0	0	0	21
8	1	0	0	0	0	0	0	0	21
9	1	0	0	0	0	0	0	0	21
10	1	0	0	0	0	0	0	0	21
11	1	0	0	0	0	0	0	0	21
12	1	0	0	0	0	0	0	0	21
13	1	0	0	0	0	0	0	0	21
14	1	0	0	0	0	0	0	0	21
15	1	0	0	0	0	0	0	0	21
16	1	0	0	0	0	0	0	0	21
17	1	0	0	0	0	0	0	0	21
18	1	0	0	0	0	0	0	0	21
19	1	0	0	0	0	0	0	0	21
20	1	0	0	0	0	0	0	0	21
21	1	0	0	0	0	0	0	0	21
22	1	0	0	0	0	0	0	0	21
23	1	0	0	0	0	0	0	0	21
24	1	0	0	0	0	0	0	0	21
25	1	0	0	0	0	0	0	0	21
26	1	0	0	0	0	0	0	0	21
27	1	0	0	0	0	0	0	0	21
28	1	0	0	0	0	0	0	0	21
29	1	0	0	0	0	0	0	0	21
30	0	1	0	0	0	0	0	0	21
31	0	1	0	0	0	0	0	0	21
32	0	1	0	0	0	0	0	0	21
33	0	1	0	0	0	0	0	0	21
34	0	1	0	0	0	0	0	0	21
35	0	1	0	0	0	0	0	0	21
36	0	1	0	0	0	0	0	0	21
37	0	0	1	0	0	0	0	0	21
38	0	0	1	0	0	0	0	0	21
39	0	0	1	0	0	0	0	0	21
40	0	0	1	0	0	0	0	1	21
41	0	0	1	0	0	0	1	0	21
42	0	0	1	0	0	0	1	0	21
43	0	0	1	0	0	0	1	0	21
44	0	0	0	1	0	0	1	0	21
45	0	0	0	1	0	0	1	7	21
46	0	0	0	1	0	0	8	0	21
47	0	0	0	1	0	0	8	2	21
48	0	0	0	1	0	0	10	0	21
49	0	0	0	1	0	0	10	1	21
50	0	0	0	1	0	0	11	0	21
51	0	0	0	0	1	0	11	7	21
52	0	0	0	0	1	0	18	0	21
53	0	0	0	0	1	0	18	0	21
54	0	0	0	0	1	0	18	1	21
55	0	0	0	0	1	0	19	2	21
56	0	0	0	0	1	0	21	3	21
57	0	0	0	0	1	0	24	0	21
58	0	0	0	0	0	1	24	1	21
59	0	0	0	0	0	1	25	0	21
60	0	0	0	0	0	1	25	1	21
61	0	0	0	0	0	1	26	9	21
62	0	0	0	0	0	1	35	13	21
1	1	0	0	0	0	0	0	0	22
2	1	0	0	0	0	0	0	0	22
3	1	0	0	0	0	0	0	0	22
4	1	0	0	0	0	0	0	0	22
5	1	0	0	0	0	0	0	0	22
6	1	0	0	0	0	0	0	0	22
7	1	0	0	0	0	0	0	0	22
8	1	0	0	0	0	0	0	0	22
9	1	0	0	0	0	0	0	0	22
10	1	0	0	0	0	0	0	0	22
11	1	0	0	0	0	0	0	0	22
12	1	0	0	0	0	0	0	0	22
13	1	0	0	0	0	0	0	0	22
14	1	0	0	0	0	0	0	0	22
15	1	0	0	0	0	0	0	0	22
16	1	0	0	0	0	0	0	0	22
17	1	0	0	0	0	0	0	0	22
18	1	0	0	0	0	0	0	0	22
19	1	0	0	0	0	0	0	0	22
20	1	0	0	0	0	0	0	0	22
21	1	0	0	0	0	0	0	0	22
22	1	0	0	0	0	0	0	0	22
23	1	0	0	0	0	0	0	0	22
24	1	0	0	0	0	0	0	0	22
25	1	0	0	0	0	0	0	0	22
26	1	0	0	0	0	0	0	0	22
27	1	0	0	0	0	0	0	0	22
28	1	0	0	0	0	0	0	0	22
29	1	0	0	0	0	0	0	0	22
30	0	1	0	0	0	0	0	0	22
31	0	1	0	0	0	0	0	0	22
32	0	1	0	0	0	0	0	0	22
33	0	1	0	0	0	0	0	0	22
34	0	1	0	0	0	0	0	0	22
35	0	1	0	0	0	0	0	0	22
36	0	1	0	0	0	0	0	0	22
37	0	0	1	0	0	0	0	0	22
38	0	0	1	0	0	0	0	0	22
39	0	0	1	0	0	0	0	0	22
40	0	0	1	0	0	0	0	0	22
41	0	0	1	0	0	0	0	0	22
42	0	0	1	0	0	0	0	0	22
43	0	0	1	0	0	0	0	0	22
44	0	0	0	1	0	0	0	0	22
45	0	0	0	1	0	0	0	0	22
46	0	0	0	1	0	0	0	0	22
47	0	0	0	1	0	0	0	0	22
48	0	0	0	1	0	0	0	0	22
49	0	0	0	1	0	0	0	3	22
50	0	0	0	1	0	0	3	0	22
51	0	0	0	0	1	0	3	1	22
52	0	0	0	0	1	0	4	0	22
53	0	0	0	0	1	0	4	1	22
54	0	0	0	0	1	0	5	3	22
55	0	0	0	0	1	0	8	0	22
56	0	0	0	0	1	0	8	0	22
57	0	0	0	0	1	0	8	1	22
58	0	0	0	0	0	1	9	3	22
59	0	0	0	0	0	1	12	1	22
60	0	0	0	0	0	1	13	3	22
61	0	0	0	0	0	1	16	0	22
62	0	0	0	0	0	1	16	0	22
1	1	0	0	0	0	0	0	0	23
2	1	0	0	0	0	0	0	0	23
3	1	0	0	0	0	0	0	0	23
4	1	0	0	0	0	0	0	0	23
5	1	0	0	0	0	0	0	0	23
6	1	0	0	0	0	0	0	0	23
7	1	0	0	0	0	0	0	0	23
8	1	0	0	0	0	0	0	0	23
9	1	0	0	0	0	0	0	0	23
10	1	0	0	0	0	0	0	0	23
11	1	0	0	0	0	0	0	0	23
12	1	0	0	0	0	0	0	0	23
13	1	0	0	0	0	0	0	0	23
14	1	0	0	0	0	0	0	0	23
15	1	0	0	0	0	0	0	0	23
16	1	0	0	0	0	0	0	0	23
17	1	0	0	0	0	0	0	0	23
18	1	0	0	0	0	0	0	0	23
19	1	0	0	0	0	0	0	0	23
20	1	0	0	0	0	0	0	0	23
21	1	0	0	0	0	0	0	0	23
22	1	0	0	0	0	0	0	0	23
23	1	0	0	0	0	0	0	0	23
24	1	0	0	0	0	0	0	0	23
25	1	0	0	0	0	0	0	0	23
26	1	0	0	0	0	0	0	0	23
27	1	0	0	0	0	0	0	0	23
28	1	0	0	0	0	0	0	0	23
29	1	0	0	0	0	0	0	0	23
30	0	1	0	0	0	0	0	0	23
31	0	1	0	0	0	0	0	0	23
32	0	1	0	0	0	0	0	0	23
33	0	1	0	0	0	0	0	0	23
34	0	1	0	0	0	0	0	0	23
35	0	1	0	0	0	0	0	0	23
36	0	1	0	0	0	0	0	0	23
37	0	0	1	0	0	0	0	0	23
38	0	0	1	0	0	0	0	0	23
39	0	0	1	0	0	0	0	0	23
40	0	0	1	0	0	0	0	0	23
41	0	0	1	0	0	0	0	2	23
42	0	0	1	0	0	0	2	2	23
43	0	0	1	0	0	0	4	0	23
44	0	0	0	1	0	0	4	5	23
45	0	0	0	1	0	0	9	9	23
46	0	0	0	1	0	0	18	0	23
47	0	0	0	1	0	0	18	0	23
48	0	0	0	1	0	0	18	10	23
49	0	0	0	1	0	0	28	8	23
50	0	0	0	1	0	0	36	3	23
51	0	0	0	0	1	0	39	2	23
52	0	0	0	0	1	0	41	4	23
53	0	0	0	0	1	0	45	2	23
54	0	0	0	0	1	0	47	9	23
55	0	0	0	0	1	0	56	3	23
56	0	0	0	0	1	0	59	0	23
57	0	0	0	0	1	0	59	28	23
58	0	0	0	0	0	1	87	18	23
59	0	0	0	0	0	1	105	11	23
60	0	0	0	0	0	1	116	7	23
61	0	0	0	0	0	1	123	21	23
62	0	0	0	0	0	1	144	4	23
1	1	0	0	0	0	0	0	0	24
2	1	0	0	0	0	0	0	0	24
3	1	0	0	0	0	0	0	0	24
4	1	0	0	0	0	0	0	0	24
5	1	0	0	0	0	0	0	0	24
6	1	0	0	0	0	0	0	0	24
7	1	0	0	0	0	0	0	0	24
8	1	0	0	0	0	0	0	0	24
9	1	0	0	0	0	0	0	0	24
10	1	0	0	0	0	0	0	0	24
11	1	0	0	0	0	0	0	0	24
12	1	0	0	0	0	0	0	0	24
13	1	0	0	0	0	0	0	0	24
14	1	0	0	0	0	0	0	0	24
15	1	0	0	0	0	0	0	0	24
16	1	0	0	0	0	0	0	0	24
17	1	0	0	0	0	0	0	0	24
18	1	0	0	0	0	0	0	0	24
19	1	0	0	0	0	0	0	0	24
20	1	0	0	0	0	0	0	0	24
21	1	0	0	0	0	0	0	0	24
22	1	0	0	0	0	0	0	0	24
23	1	0	0	0	0	0	0	0	24
24	1	0	0	0	0	0	0	0	24
25	1	0	0	0	0	0	0	0	24
26	1	0	0	0	0	0	0	0	24
27	1	0	0	0	0	0	0	0	24
28	1	0	0	0	0	0	0	0	24
29	1	0	0	0	0	0	0	0	24
30	0	1	0	0	0	0	0	1	24
31	0	1	0	0	0	0	1	0	24
32	0	1	0	0	0	0	1	0	24
33	0	1	0	0	0	0	1	0	24
34	0	1	0	0	0	0	1	0	24
35	0	1	0	0	0	0	1	1	24
36	0	1	0	0	0	0	2	0	24
37	0	0	1	0	0	0	2	0	24
38	0	0	1	0	0	0	2	0	24
39	0	0	1	0	0	0	2	0	24
40	0	0	1	0	0	0	2	0	24
41	0	0	1	0	0	0	2	0	24
42	0	0	1	0	0	0	2	1	24
43	0	0	1	0	0	0	3	0	24
44	0	0	0	1	0	0	3	2	24
45	0	0	0	1	0	0	5	0	24
46	0	0	0	1	0	0	5	0	24
47	0	0	0	1	0	0	5	0	24
48	0	0	0	1	0	0	5	0	24
49	0	0	0	1	0	0	5	1	24
50	0	0	0	1	0	0	6	0	24
51	0	0	0	0	1	0	6	0	24
52	0	0	0	0	1	0	6	0	24
53	0	0	0	0	1	0	6	0	24
54	0	0	0	0	1	0	6	0	24
55	0	0	0	0	1	0	6	0	24
56	0	0	0	0	1	0	6	1	24
57	0	0	0	0	1	0	7	0	24
58	0	0	0	0	0	1	7	0	24
59	0	0	0	0	0	1	7	0	24
60	0	0	0	0	0	1	7	0	24
61	0	0	0	0	0	1	7	0	24
62	0	0	0	0	0	1	7	0	24
1	1	0	0	0	0	0	0	0	25
2	1	0	0	0	0	0	0	0	25
3	1	0	0	0	0	0	0	0	25
4	1	0	0	0	0	0	0	0	25
5	1	0	0	0	0	0	0	0	25
6	1	0	0	0	0	0	0	0	25
7	1	0	0	0	0	0	0	0	25
8	1	0	0	0	0	0	0	0	25
9	1	0	0	0	0	0	0	0	25
10	1	0	0	0	0	0	0	0	25
11	1	0	0	0	0	0	0	0	25
12	1	0	0	0	0	0	0	0	25
13	1	0	0	0	0	0	0	0	25
14	1	0	0	0	0	0	0	0	25
15	1	0	0	0	0	0	0	0	25
16	1	0	0	0	0	0	0	0	25
17	1	0	0	0	0	0	0	0	25
18	1	0	0	0	0	0	0	1	25
19	1	0	0	0	0	0	1	0	25
20	1	0	0	0	0	0	1	0	25
21	1	0	0	0	0	0	1	1	25
22	1	0	0	0	0	0	2	0	25
23	1	0	0	0	0	0	2	0	25
24	1	0	0	0	0	0	2	0	25
25	1	0	0	0	0	0	2	0	25
26	1	0	0	0	0	0	2	0	25
27	1	0	0	0	0	0	2	3	25
28	1	0	0	0	0	0	5	1	25
29	1	0	0	0	0	0	6	1	25
30	0	1	0	0	0	0	7	11	25
31	0	1	0	0	0	0	18	10	25
32	0	1	0	0	0	0	28	9	25
33	0	1	0	0	0	0	37	7	25
34	0	1	0	0	0	0	44	10	25
35	0	1	0	0	0	0	54	9	25
36	0	1	0	0	0	0	63	23	25
37	0	0	1	0	0	0	86	10	25
38	0	0	1	0	0	0	96	19	25
39	0	0	1	0	0	0	115	19	25
40	0	0	1	0	0	0	134	36	25
41	0	0	1	0	0	0	170	55	25
42	0	0	1	0	0	0	225	50	25
43	0	0	1	0	0	0	275	70	25
44	0	0	0	1	0	0	345	13	25
45	0	0	0	1	0	0	358	121	25
46	0	0	0	1	0	0	479	77	25
47	0	0	0	1	0	0	556	61	25
48	0	0	0	1	0	0	617	37	25
49	0	0	0	1	0	0	654	54	25
50	0	0	0	1	0	0	708	0	25
51	0	0	0	0	1	0	708	211	25
52	0	0	0	0	1	0	919	102	25
53	0	0	0	0	1	0	1021	99	25
54	0	0	0	0	1	0	1120	64	25
55	0	0	0	0	1	0	1184	91	25
56	0	0	0	0	1	0	1275	99	25
57	0	0	0	0	1	0	1374	74	25
58	0	0	0	0	0	1	1448	97	25
59	0	0	0	0	0	1	1545	116	25
60	0	0	0	0	0	1	1661	102	25
61	0	0	0	0	0	1	1763	125	25
62	0	0	0	0	0	1	1888	136	25
1	1	0	0	0	0	0	0	0	26
2	1	0	0	0	0	0	0	0	26
3	1	0	0	0	0	0	0	0	26
4	1	0	0	0	0	0	0	0	26
5	1	0	0	0	0	0	0	0	26
6	1	0	0	0	0	0	0	0	26
7	1	0	0	0	0	0	0	0	26
8	1	0	0	0	0	0	0	0	26
9	1	0	0	0	0	0	0	0	26
10	1	0	0	0	0	0	0	0	26
11	1	0	0	0	0	0	0	0	26
12	1	0	0	0	0	0	0	0	26
13	1	0	0	0	0	0	0	0	26
14	1	0	0	0	0	0	0	0	26
15	1	0	0	0	0	0	0	0	26
16	1	0	0	0	0	0	0	0	26
17	1	0	0	0	0	0	0	0	26
18	1	0	0	0	0	0	0	0	26
19	1	0	0	0	0	0	0	0	26
20	1	0	0	0	0	0	0	0	26
21	1	0	0	0	0	0	0	0	26
22	1	0	0	0	0	0	0	0	26
23	1	0	0	0	0	0	0	0	26
24	1	0	0	0	0	0	0	0	26
25	1	0	0	0	0	0	0	0	26
26	1	0	0	0	0	0	0	0	26
27	1	0	0	0	0	0	0	0	26
28	1	0	0	0	0	0	0	0	26
29	1	0	0	0	0	0	0	0	26
30	0	1	0	0	0	0	0	0	26
31	0	1	0	0	0	0	0	0	26
32	0	1	0	0	0	0	0	0	26
33	0	1	0	0	0	0	0	0	26
34	0	1	0	0	0	0	0	0	26
35	0	1	0	0	0	0	0	0	26
36	0	1	0	0	0	0	0	0	26
37	0	0	1	0	0	0	0	0	26
38	0	0	1	0	0	0	0	1	26
39	0	0	1	0	0	0	1	0	26
40	0	0	1	0	0	0	1	0	26
41	0	0	1	0	0	0	1	4	26
42	0	0	1	0	0	0	5	2	26
43	0	0	1	0	0	0	7	0	26
44	0	0	0	1	0	0	7	1	26
45	0	0	0	1	0	0	8	0	26
46	0	0	0	1	0	0	8	0	26
47	0	0	0	1	0	0	8	0	26
48	0	0	0	1	0	0	8	2	26
49	0	0	0	1	0	0	10	0	26
50	0	0	0	1	0	0	10	0	26
51	0	0	0	0	1	0	10	0	26
52	0	0	0	0	1	0	10	0	26
53	0	0	0	0	1	0	10	0	26
54	0	0	0	0	1	0	10	0	26
55	0	0	0	0	1	0	10	7	26
56	0	0	0	0	1	0	17	0	26
57	0	0	0	0	1	0	17	3	26
58	0	0	0	0	0	1	20	0	26
59	0	0	0	0	0	1	20	1	26
60	0	0	0	0	0	1	21	6	26
61	0	0	0	0	0	1	27	1	26
62	0	0	0	0	0	1	28	1	26
1	1	0	0	0	0	0	0	0	27
2	1	0	0	0	0	0	0	0	27
3	1	0	0	0	0	0	0	0	27
4	1	0	0	0	0	0	0	0	27
5	1	0	0	0	0	0	0	0	27
6	1	0	0	0	0	0	0	0	27
7	1	0	0	0	0	0	0	0	27
8	1	0	0	0	0	0	0	0	27
9	1	0	0	0	0	0	0	0	27
10	1	0	0	0	0	0	0	0	27
11	1	0	0	0	0	0	0	0	27
12	1	0	0	0	0	0	0	0	27
13	1	0	0	0	0	0	0	0	27
14	1	0	0	0	0	0	0	0	27
15	1	0	0	0	0	0	0	0	27
16	1	0	0	0	0	0	0	0	27
17	1	0	0	0	0	0	0	0	27
18	1	0	0	0	0	0	0	0	27
19	1	0	0	0	0	0	0	0	27
20	1	0	0	0	0	0	0	0	27
21	1	0	0	0	0	0	0	0	27
22	1	0	0	0	0	0	0	0	27
23	1	0	0	0	0	0	0	0	27
24	1	0	0	0	0	0	0	0	27
25	1	0	0	0	0	0	0	0	27
26	1	0	0	0	0	0	0	0	27
27	1	0	0	0	0	0	0	0	27
28	1	0	0	0	0	0	0	0	27
29	1	0	0	0	0	0	0	0	27
30	0	1	0	0	0	0	0	2	27
31	0	1	0	0	0	0	2	0	27
32	0	1	0	0	0	0	2	0	27
33	0	1	0	0	0	0	2	0	27
34	0	1	0	0	0	0	2	0	27
35	0	1	0	0	0	0	2	0	27
36	0	1	0	0	0	0	2	1	27
37	0	0	1	0	0	0	3	0	27
38	0	0	1	0	0	0	3	0	27
39	0	0	1	0	0	0	3	0	27
40	0	0	1	0	0	0	3	0	27
41	0	0	1	0	0	0	3	1	27
42	0	0	1	0	0	0	4	4	27
43	0	0	1	0	0	0	8	0	27
44	0	0	0	1	0	0	8	0	27
45	0	0	0	1	0	0	8	3	27
46	0	0	0	1	0	0	11	0	27
47	0	0	0	1	0	0	11	0	27
48	0	0	0	1	0	0	11	2	27
49	0	0	0	1	0	0	13	0	27
50	0	0	0	1	0	0	13	1	27
51	0	0	0	0	1	0	14	0	27
52	0	0	0	0	1	0	14	2	27
53	0	0	0	0	1	0	16	0	27
54	0	0	0	0	1	0	16	0	27
55	0	0	0	0	1	0	16	0	27
56	0	0	0	0	1	0	16	0	27
57	0	0	0	0	1	0	16	0	27
58	0	0	0	0	0	1	16	0	27
59	0	0	0	0	0	1	16	0	27
60	0	0	0	0	0	1	16	0	27
61	0	0	0	0	0	1	16	0	27
62	0	0	0	0	0	1	16	0	27
1	1	0	0	0	0	0	0	0	28
2	1	0	0	0	0	0	0	0	28
3	1	0	0	0	0	0	0	0	28
4	1	0	0	0	0	0	0	0	28
5	1	0	0	0	0	0	0	0	28
6	1	0	0	0	0	0	0	0	28
7	1	0	0	0	0	0	0	0	28
8	1	0	0	0	0	0	0	0	28
9	1	0	0	0	0	0	0	0	28
10	1	0	0	0	0	0	0	0	28
11	1	0	0	0	0	0	0	0	28
12	1	0	0	0	0	0	0	0	28
13	1	0	0	0	0	0	0	0	28
14	1	0	0	0	0	0	0	0	28
15	1	0	0	0	0	0	0	0	28
16	1	0	0	0	0	0	0	0	28
17	1	0	0	0	0	0	0	0	28
18	1	0	0	0	0	0	0	0	28
19	1	0	0	0	0	0	0	0	28
20	1	0	0	0	0	0	0	0	28
21	1	0	0	0	0	0	0	0	28
22	1	0	0	0	0	0	0	0	28
23	1	0	0	0	0	0	0	0	28
24	1	0	0	0	0	0	0	0	28
25	1	0	0	0	0	0	0	0	28
26	1	0	0	0	0	0	0	0	28
27	1	0	0	0	0	0	0	0	28
28	1	0	0	0	0	0	0	0	28
29	1	0	0	0	0	0	0	0	28
30	0	1	0	0	0	0	0	0	28
31	0	1	0	0	0	0	0	0	28
32	0	1	0	0	0	0	0	0	28
33	0	1	0	0	0	0	0	0	28
34	0	1	0	0	0	0	0	0	28
35	0	1	0	0	0	0	0	0	28
36	0	1	0	0	0	0	0	1	28
37	0	0	1	0	0	0	1	0	28
38	0	0	1	0	0	0	1	0	28
39	0	0	1	0	0	0	1	1	28
40	0	0	1	0	0	0	2	5	28
41	0	0	1	0	0	0	7	0	28
42	0	0	1	0	0	0	7	3	28
43	0	0	1	0	0	0	10	0	28
44	0	0	0	1	0	0	10	0	28
45	0	0	0	1	0	0	10	0	28
46	0	0	0	1	0	0	10	10	28
47	0	0	0	1	0	0	20	0	28
48	0	0	0	1	0	0	20	54	28
49	0	0	0	1	0	0	74	0	28
50	0	0	0	1	0	0	74	24	28
51	0	0	0	0	1	0	98	22	28
52	0	0	0	0	1	0	120	64	28
53	0	0	0	0	1	0	184	69	28
54	0	0	0	0	1	0	253	25	28
55	0	0	0	0	1	0	278	64	28
56	0	0	0	0	1	0	342	68	28
57	0	0	0	0	1	0	410	28	28
58	0	0	0	0	0	1	438	53	28
59	0	0	0	0	0	1	491	38	28
60	0	0	0	0	0	1	529	19	28
61	0	0	0	0	0	1	548	22	28
62	0	0	0	0	0	1	570	14	28
1	1	0	0	0	0	0	0	0	29
2	1	0	0	0	0	0	0	0	29
3	1	0	0	0	0	0	0	0	29
4	1	0	0	0	0	0	0	0	29
5	1	0	0	0	0	0	0	0	29
6	1	0	0	0	0	0	0	0	29
7	1	0	0	0	0	0	0	0	29
8	1	0	0	0	0	0	0	0	29
9	1	0	0	0	0	0	0	0	29
10	1	0	0	0	0	0	0	0	29
11	1	0	0	0	0	0	0	0	29
12	1	0	0	0	0	0	0	0	29
13	1	0	0	0	0	0	0	0	29
14	1	0	0	0	0	0	0	1	29
15	1	0	0	0	0	0	1	0	29
16	1	0	0	0	0	0	1	0	29
17	1	0	0	0	0	0	1	0	29
18	1	0	0	0	0	0	1	0	29
19	1	0	0	0	0	0	1	0	29
20	1	0	0	0	0	0	1	0	29
21	1	0	0	0	0	0	1	0	29
22	1	0	0	0	0	0	1	0	29
23	1	0	0	0	0	0	1	0	29
24	1	0	0	0	0	0	1	0	29
25	1	0	0	0	0	0	1	1	29
26	1	0	0	0	0	0	2	0	29
27	1	0	0	0	0	0	2	0	29
28	1	0	0	0	0	0	2	0	29
29	1	0	0	0	0	0	2	0	29
30	0	1	0	0	0	0	2	0	29
31	0	1	0	0	0	0	2	0	29
32	0	1	0	0	0	0	2	0	29
33	0	1	0	0	0	0	2	1	29
34	0	1	0	0	0	0	3	5	29
35	0	1	0	0	0	0	8	0	29
36	0	1	0	0	0	0	8	4	29
37	0	0	1	0	0	0	12	10	29
38	0	0	1	0	0	0	22	8	29
39	0	0	1	0	0	0	30	10	29
40	0	0	1	0	0	0	40	4	29
41	0	0	1	0	0	0	44	7	29
42	0	0	1	0	0	0	51	14	29
43	0	0	1	0	0	0	65	16	29
44	0	0	0	1	0	0	81	16	29
45	0	0	0	1	0	0	97	0	29
46	0	0	0	1	0	0	97	34	29
47	0	0	0	1	0	0	131	0	29
48	0	0	0	1	0	0	131	20	29
49	0	0	0	1	0	0	151	23	29
50	0	0	0	1	0	0	174	16	29
51	0	0	0	0	1	0	190	20	29
52	0	0	0	0	1	0	210	22	29
53	0	0	0	0	1	0	232	6	29
54	0	0	0	0	1	0	238	16	29
55	0	0	0	0	1	0	254	22	29
56	0	0	0	0	1	0	276	12	29
57	0	0	0	0	1	0	288	17	29
58	0	0	0	0	0	1	305	13	29
59	0	0	0	0	0	1	318	5	29
60	0	0	0	0	0	1	323	20	29
61	0	0	0	0	0	1	343	30	29
62	0	0	0	0	0	1	373	34	29
1	1	0	0	0	0	0	0	0	30
2	1	0	0	0	0	0	0	0	30
3	1	0	0	0	0	0	0	0	30
4	1	0	0	0	0	0	0	0	30
5	1	0	0	0	0	0	0	0	30
6	1	0	0	0	0	0	0	0	30
7	1	0	0	0	0	0	0	0	30
8	1	0	0	0	0	0	0	0	30
9	1	0	0	0	0	0	0	0	30
10	1	0	0	0	0	0	0	0	30
11	1	0	0	0	0	0	0	0	30
12	1	0	0	0	0	0	0	0	30
13	1	0	0	0	0	0	0	0	30
14	1	0	0	0	0	0	0	0	30
15	1	0	0	0	0	0	0	0	30
16	1	0	0	0	0	0	0	0	30
17	1	0	0	0	0	0	0	0	30
18	1	0	0	0	0	0	0	0	30
19	1	0	0	0	0	0	0	0	30
20	1	0	0	0	0	0	0	0	30
21	1	0	0	0	0	0	0	0	30
22	1	0	0	0	0	0	0	0	30
23	1	0	0	0	0	0	0	0	30
24	1	0	0	0	0	0	0	0	30
25	1	0	0	0	0	0	0	0	30
26	1	0	0	0	0	0	0	0	30
27	1	0	0	0	0	0	0	0	30
28	1	0	0	0	0	0	0	0	30
29	1	0	0	0	0	0	0	0	30
30	0	1	0	0	0	0	0	1	30
31	0	1	0	0	0	0	1	4	30
32	0	1	0	0	0	0	5	0	30
33	0	1	0	0	0	0	5	2	30
34	0	1	0	0	0	0	7	4	30
35	0	1	0	0	0	0	11	0	30
36	0	1	0	0	0	0	11	6	30
37	0	0	1	0	0	0	17	0	30
38	0	0	1	0	0	0	17	2	30
39	0	0	1	0	0	0	19	17	30
40	0	0	1	0	0	0	36	4	30
41	0	0	1	0	0	0	40	1	30
42	0	0	1	0	0	0	41	9	30
43	0	0	1	0	0	0	50	4	30
44	0	0	0	1	0	0	54	6	30
45	0	0	0	1	0	0	60	10	30
46	0	0	0	1	0	0	70	0	30
47	0	0	0	1	0	0	70	5	30
48	0	0	0	1	0	0	75	7	30
49	0	0	0	1	0	0	82	0	30
50	0	0	0	1	0	0	82	7	30
51	0	0	0	0	1	0	89	13	30
52	0	0	0	0	1	0	102	2	30
53	0	0	0	0	1	0	104	1	30
54	0	0	0	0	1	0	105	0	30
55	0	0	0	0	1	0	105	5	30
56	0	0	0	0	1	0	110	3	30
57	0	0	0	0	1	0	113	5	30
58	0	0	0	0	0	1	118	2	30
59	0	0	0	0	0	1	120	6	30
60	0	0	0	0	0	1	126	1	30
61	0	0	0	0	0	1	127	7	30
62	0	0	0	0	0	1	134	2	30
1	1	0	0	0	0	0	0	0	31
2	1	0	0	0	0	0	0	0	31
3	1	0	0	0	0	0	0	0	31
4	1	0	0	0	0	0	0	0	31
5	1	0	0	0	0	0	0	0	31
6	1	0	0	0	0	0	0	0	31
7	1	0	0	0	0	0	0	0	31
8	1	0	0	0	0	0	0	0	31
9	1	0	0	0	0	0	0	0	31
10	1	0	0	0	0	0	0	0	31
11	1	0	0	0	0	0	0	0	31
12	1	0	0	0	0	0	0	0	31
13	1	0	0	0	0	0	0	0	31
14	1	0	0	0	0	0	0	0	31
15	1	0	0	0	0	0	0	0	31
16	1	0	0	0	0	0	0	0	31
17	1	0	0	0	0	0	0	0	31
18	1	0	0	0	0	0	0	1	31
19	1	0	0	0	0	0	1	0	31
20	1	0	0	0	0	0	1	2	31
21	1	0	0	0	0	0	3	1	31
22	1	0	0	0	0	0	4	0	31
23	1	0	0	0	0	0	4	0	31
24	1	0	0	0	0	0	4	0	31
25	1	0	0	0	0	0	4	0	31
26	1	0	0	0	0	0	4	0	31
27	1	0	0	0	0	0	4	0	31
28	1	0	0	0	0	0	4	2	31
29	1	0	0	0	0	0	6	13	31
30	0	1	0	0	0	0	19	2	31
31	0	1	0	0	0	0	21	5	31
32	0	1	0	0	0	0	26	1	31
33	0	1	0	0	0	0	27	4	31
34	0	1	0	0	0	0	31	5	31
35	0	1	0	0	0	0	36	0	31
36	0	1	0	0	0	0	36	11	31
37	0	0	1	0	0	0	47	9	31
38	0	0	1	0	0	0	56	11	31
39	0	0	1	0	0	0	67	12	31
40	0	0	1	0	0	0	79	7	31
41	0	0	1	0	0	0	86	13	31
42	0	0	1	0	0	0	99	6	31
43	0	0	1	0	0	0	105	14	31
44	0	0	0	1	0	0	119	11	31
45	0	0	0	1	0	0	130	12	31
46	0	0	0	1	0	0	142	20	31
47	0	0	0	1	0	0	162	13	31
48	0	0	0	1	0	0	175	15	31
49	0	0	0	1	0	0	190	5	31
50	0	0	0	1	0	0	195	12	31
51	0	0	0	0	1	0	207	12	31
52	0	0	0	0	1	0	219	3	31
53	0	0	0	0	1	0	222	4	31
54	0	0	0	0	1	0	226	11	31
55	0	0	0	0	1	0	237	7	31
56	0	0	0	0	1	0	244	6	31
57	0	0	0	0	1	0	250	15	31
58	0	0	0	0	0	1	265	13	31
59	0	0	0	0	0	1	278	2	31
60	0	0	0	0	0	1	280	11	31
61	0	0	0	0	0	1	291	8	31
62	0	0	0	0	0	1	299	15	31
1	1	0	0	0	0	0	0	0	32
2	1	0	0	0	0	0	0	0	32
3	1	0	0	0	0	0	0	0	32
4	1	0	0	0	0	0	0	0	32
5	1	0	0	0	0	0	0	0	32
6	1	0	0	0	0	0	0	0	32
7	1	0	0	0	0	0	0	0	32
8	1	0	0	0	0	0	0	0	32
9	1	0	0	0	0	0	0	0	32
10	1	0	0	0	0	0	0	0	32
11	1	0	0	0	0	0	0	0	32
12	1	0	0	0	0	0	0	0	32
13	1	0	0	0	0	0	0	0	32
14	1	0	0	0	0	0	0	0	32
15	1	0	0	0	0	0	0	0	32
16	1	0	0	0	0	0	0	0	32
17	1	0	0	0	0	0	0	0	32
18	1	0	0	0	0	0	0	0	32
19	1	0	0	0	0	0	0	0	32
20	1	0	0	0	0	0	0	0	32
21	1	0	0	0	0	0	0	0	32
22	1	0	0	0	0	0	0	0	32
23	1	0	0	0	0	0	0	0	32
24	1	0	0	0	0	0	0	0	32
25	1	0	0	0	0	0	0	0	32
26	1	0	0	0	0	0	0	0	32
27	1	0	0	0	0	0	0	0	32
28	1	0	0	0	0	0	0	0	32
29	1	0	0	0	0	0	0	0	32
30	0	1	0	0	0	0	0	0	32
31	0	1	0	0	0	0	0	0	32
32	0	1	0	0	0	0	0	0	32
33	0	1	0	0	0	0	0	0	32
34	0	1	0	0	0	0	0	0	32
35	0	1	0	0	0	0	0	0	32
36	0	1	0	0	0	0	0	0	32
37	0	0	1	0	0	0	0	0	32
38	0	0	1	0	0	0	0	0	32
39	0	0	1	0	0	0	0	0	32
40	0	0	1	0	0	0	0	0	32
41	0	0	1	0	0	0	0	0	32
42	0	0	1	0	0	0	0	0	32
43	0	0	1	0	0	0	0	0	32
44	0	0	0	1	0	0	0	0	32
45	0	0	0	1	0	0	0	0	32
46	0	0	0	1	0	0	0	0	32
47	0	0	0	1	0	0	0	1	32
48	0	0	0	1	0	0	1	0	32
49	0	0	0	1	0	0	1	1	32
50	0	0	0	1	0	0	2	0	32
51	0	0	0	0	1	0	2	2	32
52	0	0	0	0	1	0	4	2	32
53	0	0	0	0	1	0	6	0	32
54	0	0	0	0	1	0	6	0	32
55	0	0	0	0	1	0	6	1	32
56	0	0	0	0	1	0	7	0	32
57	0	0	0	0	1	0	7	1	32
58	0	0	0	0	0	1	8	2	32
59	0	0	0	0	0	1	10	0	32
60	0	0	0	0	0	1	10	1	32
61	0	0	0	0	0	1	11	0	32
62	0	0	0	0	0	1	11	2	32
1	1	0	0	0	0	0	0	0	33
2	1	0	0	0	0	0	0	0	33
3	1	0	0	0	0	0	0	0	33
4	1	0	0	0	0	0	0	0	33
5	1	0	0	0	0	0	0	0	33
6	1	0	0	0	0	0	0	0	33
7	1	0	0	0	0	0	0	0	33
8	1	0	0	0	0	0	0	0	33
9	1	0	0	0	0	0	0	0	33
10	1	0	0	0	0	0	0	0	33
11	1	0	0	0	0	0	0	0	33
12	1	0	0	0	0	0	0	0	33
13	1	0	0	0	0	0	0	0	33
14	1	0	0	0	0	0	0	0	33
15	1	0	0	0	0	0	0	0	33
16	1	0	0	0	0	0	0	0	33
17	1	0	0	0	0	0	0	0	33
18	1	0	0	0	0	0	0	0	33
19	1	0	0	0	0	0	0	0	33
20	1	0	0	0	0	0	0	0	33
21	1	0	0	0	0	0	0	0	33
22	1	0	0	0	0	0	0	0	33
23	1	0	0	0	0	0	0	0	33
24	1	0	0	0	0	0	0	0	33
25	1	0	0	0	0	0	0	0	33
26	1	0	0	0	0	0	0	0	33
27	1	0	0	0	0	0	0	0	33
28	1	0	0	0	0	0	0	0	33
29	1	0	0	0	0	0	0	0	33
30	0	1	0	0	0	0	0	0	33
31	0	1	0	0	0	0	0	0	33
32	0	1	0	0	0	0	0	1	33
33	0	1	0	0	0	0	1	0	33
34	0	1	0	0	0	0	1	0	33
35	0	1	0	0	0	0	1	0	33
36	0	1	0	0	0	0	1	0	33
37	0	0	1	0	0	0	1	0	33
38	0	0	1	0	0	0	1	0	33
39	0	0	1	0	0	0	1	0	33
40	0	0	1	0	0	0	1	0	33
41	0	0	1	0	0	0	1	0	33
42	0	0	1	0	0	0	1	1	33
43	0	0	1	0	0	0	2	1	33
44	0	0	0	1	0	0	3	0	33
45	0	0	0	1	0	0	3	0	33
46	0	0	0	1	0	0	3	0	33
47	0	0	0	1	0	0	3	0	33
48	0	0	0	1	0	0	3	2	33
49	0	0	0	1	0	0	5	0	33
50	0	0	0	1	0	0	5	0	33
51	0	0	0	0	1	0	5	2	33
52	0	0	0	0	1	0	7	0	33
53	0	0	0	0	1	0	7	0	33
54	0	0	0	0	1	0	7	1	33
55	0	0	0	0	1	0	8	0	33
56	0	0	0	0	1	0	8	4	33
57	0	0	0	0	1	0	12	9	33
58	0	0	0	0	0	1	21	0	33
59	0	0	0	0	0	1	21	4	33
60	0	0	0	0	0	1	25	0	33
61	0	0	0	0	0	1	25	35	33
62	0	0	0	0	0	1	60	20	33
1	1	0	0	0	0	0	0	0	34
2	1	0	0	0	0	0	0	0	34
3	1	0	0	0	0	0	0	0	34
4	1	0	0	0	0	0	0	0	34
5	1	0	0	0	0	0	0	0	34
6	1	0	0	0	0	0	0	0	34
7	1	0	0	0	0	0	0	0	34
8	1	0	0	0	0	0	0	0	34
9	1	0	0	0	0	0	0	0	34
10	1	0	0	0	0	0	0	0	34
11	1	0	0	0	0	0	0	0	34
12	1	0	0	0	0	0	0	0	34
13	1	0	0	0	0	0	0	0	34
14	1	0	0	0	0	0	0	0	34
15	1	0	0	0	0	0	0	0	34
16	1	0	0	0	0	0	0	0	34
17	1	0	0	0	0	0	0	0	34
18	1	0	0	0	0	0	0	0	34
19	1	0	0	0	0	0	0	0	34
20	1	0	0	0	0	0	0	0	34
21	1	0	0	0	0	0	0	1	34
22	1	0	0	0	0	0	1	0	34
23	1	0	0	0	0	0	1	1	34
24	1	0	0	0	0	0	2	1	34
25	1	0	0	0	0	0	3	4	34
26	1	0	0	0	0	0	7	0	34
27	1	0	0	0	0	0	7	6	34
28	1	0	0	0	0	0	13	4	34
29	1	0	0	0	0	0	17	7	34
30	0	1	0	0	0	0	24	0	34
31	0	1	0	0	0	0	24	27	34
32	0	1	0	0	0	0	51	11	34
33	0	1	0	0	0	0	62	23	34
34	0	1	0	0	0	0	85	31	34
35	0	1	0	0	0	0	116	34	34
36	0	1	0	0	0	0	150	55	34
37	0	0	1	0	0	0	205	35	34
38	0	0	1	0	0	0	240	34	34
39	0	0	1	0	0	0	274	128	34
40	0	0	1	0	0	0	402	155	34
41	0	0	1	0	0	0	557	152	34
42	0	0	1	0	0	0	709	218	34
43	0	0	1	0	0	0	927	243	34
44	0	0	0	1	0	0	1170	17	34
45	0	0	0	1	0	0	1187	93	34
46	0	0	0	1	0	0	1280	46	34
47	0	0	0	1	0	0	1326	27	34
48	0	0	0	1	0	0	1353	27	34
49	0	0	0	1	0	0	1380	82	34
50	0	0	0	1	0	0	1462	43	34
51	0	0	0	0	1	0	1505	80	34
52	0	0	0	0	1	0	1585	70	34
53	0	0	0	0	1	0	1655	31	34
54	0	0	0	0	1	0	1686	63	34
55	0	0	0	0	1	0	1749	96	34
56	0	0	0	0	1	0	1845	89	34
57	0	0	0	0	1	0	1934	69	34
58	0	0	0	0	0	1	2003	25	34
59	0	0	0	0	0	1	2028	145	34
60	0	0	0	0	0	1	2173	99	34
61	0	0	0	0	0	1	2272	143	34
62	0	0	0	0	0	1	2415	91	34
1	1	0	0	0	0	0	0	0	45
2	1	0	0	0	0	0	0	0	45
3	1	0	0	0	0	0	0	0	45
4	1	0	0	0	0	0	0	0	45
5	1	0	0	0	0	0	0	0	45
6	1	0	0	0	0	0	0	0	45
7	1	0	0	0	0	0	0	0	45
8	1	0	0	0	0	0	0	0	45
9	1	0	0	0	0	0	0	0	45
10	1	0	0	0	0	0	0	0	45
11	1	0	0	0	0	0	0	0	45
12	1	0	0	0	0	0	0	0	45
13	1	0	0	0	0	0	0	0	45
14	1	0	0	0	0	0	0	0	45
15	1	0	0	0	0	0	0	0	45
16	1	0	0	0	0	0	0	0	45
17	1	0	0	0	0	0	0	0	45
18	1	0	0	0	0	0	0	0	45
19	1	0	0	0	0	0	0	0	45
20	1	0	0	0	0	0	0	0	45
21	1	0	0	0	0	0	0	0	45
22	1	0	0	0	0	0	0	0	45
23	1	0	0	0	0	0	0	0	45
24	1	0	0	0	0	0	0	0	45
25	1	0	0	0	0	0	0	0	45
26	1	0	0	0	0	0	0	0	45
27	1	0	0	0	0	0	0	0	45
28	1	0	0	0	0	0	0	0	45
29	1	0	0	0	0	0	0	0	45
30	0	1	0	0	0	0	0	0	45
31	0	1	0	0	0	0	0	0	45
32	0	1	0	0	0	0	0	0	45
33	0	1	0	0	0	0	0	0	45
34	0	1	0	0	0	0	0	0	45
35	0	1	0	0	0	0	0	0	45
36	0	1	0	0	0	0	0	0	45
37	0	0	1	0	0	0	0	0	45
38	0	0	1	0	0	0	0	0	45
39	0	0	1	0	0	0	0	0	45
40	0	0	1	0	0	0	0	0	45
41	0	0	1	0	0	0	0	0	45
42	0	0	1	0	0	0	0	0	45
43	0	0	1	0	0	0	0	0	45
44	0	0	0	1	0	0	0	0	45
45	0	0	0	1	0	0	0	0	45
46	0	0	0	1	0	0	0	0	45
47	0	0	0	1	0	0	0	0	45
48	0	0	0	1	0	0	0	0	45
49	0	0	0	1	0	0	0	0	45
50	0	0	0	1	0	0	0	0	45
51	0	0	0	0	1	0	0	0	45
52	0	0	0	0	1	0	0	1	45
53	0	0	0	0	1	0	1	0	45
54	0	0	0	0	1	0	1	0	45
55	0	0	0	0	1	0	1	1	45
56	0	0	0	0	1	0	2	0	45
57	0	0	0	0	1	0	2	1	45
58	0	0	0	0	0	1	3	1	45
59	0	0	0	0	0	1	4	0	45
60	0	0	0	0	0	1	4	0	45
61	0	0	0	0	0	1	4	0	45
62	0	0	0	0	0	1	4	0	45
1	1	0	0	0	0	0	0	0	36
2	1	0	0	0	0	0	0	0	36
3	1	0	0	0	0	0	0	0	36
4	1	0	0	0	0	0	0	0	36
5	1	0	0	0	0	0	0	0	36
6	1	0	0	0	0	0	0	0	36
7	1	0	0	0	0	0	0	0	36
8	1	0	0	0	0	0	0	0	36
9	1	0	0	0	0	0	0	0	36
10	1	0	0	0	0	0	0	0	36
11	1	0	0	0	0	0	0	0	36
12	1	0	0	0	0	0	0	0	36
13	1	0	0	0	0	0	0	0	36
14	1	0	0	0	0	0	0	0	36
15	1	0	0	0	0	0	0	0	36
16	1	0	0	0	0	0	0	0	36
17	1	0	0	0	0	0	0	0	36
18	1	0	0	0	0	0	0	0	36
19	1	0	0	0	0	0	0	0	36
20	1	0	0	0	0	0	0	0	36
21	1	0	0	0	0	0	0	0	36
22	1	0	0	0	0	0	0	0	36
23	1	0	0	0	0	0	0	0	36
24	1	0	0	0	0	0	0	0	36
25	1	0	0	0	0	0	0	0	36
26	1	0	0	0	0	0	0	0	36
27	1	0	0	0	0	0	0	0	36
28	1	0	0	0	0	0	0	0	36
29	1	0	0	0	0	0	0	0	36
30	0	1	0	0	0	0	0	0	36
31	0	1	0	0	0	0	0	0	36
32	0	1	0	0	0	0	0	1	36
33	0	1	0	0	0	0	1	0	36
34	0	1	0	0	0	0	1	2	36
35	0	1	0	0	0	0	3	0	36
36	0	1	0	0	0	0	3	0	36
37	0	0	1	0	0	0	3	3	36
38	0	0	1	0	0	0	6	6	36
39	0	0	1	0	0	0	12	0	36
40	0	0	1	0	0	0	12	0	36
41	0	0	1	0	0	0	12	0	36
42	0	0	1	0	0	0	12	1	36
43	0	0	1	0	0	0	13	0	36
44	0	0	0	1	0	0	13	0	36
45	0	0	0	1	0	0	13	1	36
46	0	0	0	1	0	0	14	5	36
47	0	0	0	1	0	0	19	0	36
48	0	0	0	1	0	0	19	1	36
49	0	0	0	1	0	0	20	1	36
50	0	0	0	1	0	0	21	0	36
51	0	0	0	0	1	0	21	0	36
52	0	0	0	0	1	0	21	1	36
53	0	0	0	0	1	0	22	2	36
54	0	0	0	0	1	0	24	0	36
55	0	0	0	0	1	0	24	1	36
56	0	0	0	0	1	0	25	0	36
57	0	0	0	0	1	0	25	7	36
58	0	0	0	0	0	1	32	0	36
59	0	0	0	0	0	1	32	0	36
60	0	0	0	0	0	1	32	14	36
61	0	0	0	0	0	1	46	7	36
62	0	0	0	0	0	1	53	35	36
1	1	0	0	0	0	0	0	0	37
2	1	0	0	0	0	0	0	0	37
3	1	0	0	0	0	0	0	0	37
4	1	0	0	0	0	0	0	0	37
5	1	0	0	0	0	0	0	0	37
6	1	0	0	0	0	0	0	0	37
7	1	0	0	0	0	0	0	0	37
8	1	0	0	0	0	0	0	0	37
9	1	0	0	0	0	0	0	0	37
10	1	0	0	0	0	0	0	0	37
11	1	0	0	0	0	0	0	0	37
12	1	0	0	0	0	0	0	0	37
13	1	0	0	0	0	0	0	0	37
14	1	0	0	0	0	0	0	0	37
15	1	0	0	0	0	0	0	0	37
16	1	0	0	0	0	0	0	0	37
17	1	0	0	0	0	0	0	0	37
18	1	0	0	0	0	0	0	0	37
19	1	0	0	0	0	0	0	0	37
20	1	0	0	0	0	0	0	0	37
21	1	0	0	0	0	0	0	0	37
22	1	0	0	0	0	0	0	1	37
23	1	0	0	0	0	0	1	0	37
24	1	0	0	0	0	0	1	0	37
25	1	0	0	0	0	0	1	0	37
26	1	0	0	0	0	0	1	0	37
27	1	0	0	0	0	0	1	0	37
28	1	0	0	0	0	0	1	0	37
29	1	0	0	0	0	0	1	0	37
30	0	1	0	0	0	0	1	0	37
31	0	1	0	0	0	0	1	0	37
32	0	1	0	0	0	0	1	0	37
33	0	1	0	0	0	0	1	0	37
34	0	1	0	0	0	0	1	0	37
35	0	1	0	0	0	0	1	0	37
36	0	1	0	0	0	0	1	8	37
37	0	0	1	0	0	0	9	6	37
38	0	0	1	0	0	0	15	0	37
39	0	0	1	0	0	0	15	3	37
40	0	0	1	0	0	0	18	0	37
41	0	0	1	0	0	0	18	5	37
42	0	0	1	0	0	0	23	1	37
43	0	0	1	0	0	0	24	1	37
44	0	0	0	1	0	0	25	3	37
45	0	0	0	1	0	0	28	2	37
46	0	0	0	1	0	0	30	4	37
47	0	0	0	1	0	0	34	0	37
48	0	0	0	1	0	0	34	2	37
49	0	0	0	1	0	0	36	3	37
50	0	0	0	1	0	0	39	1	37
51	0	0	0	0	1	0	40	1	37
52	0	0	0	0	1	0	41	3	37
53	0	0	0	0	1	0	44	14	37
54	0	0	0	0	1	0	58	7	37
55	0	0	0	0	1	0	65	5	37
56	0	0	0	0	1	0	70	3	37
57	0	0	0	0	1	0	73	3	37
58	0	0	0	0	0	1	76	0	37
59	0	0	0	0	0	1	76	0	37
60	0	0	0	0	0	1	76	1	37
61	0	0	0	0	0	1	77	0	37
62	0	0	0	0	0	1	77	4	37
1	1	0	0	0	0	0	0	0	38
2	1	0	0	0	0	0	0	0	38
3	1	0	0	0	0	0	0	0	38
4	1	0	0	0	0	0	0	0	38
5	1	0	0	0	0	0	0	0	38
6	1	0	0	0	0	0	0	0	38
7	1	0	0	0	0	0	0	0	38
8	1	0	0	0	0	0	0	0	38
9	1	0	0	0	0	0	0	0	38
10	1	0	0	0	0	0	0	0	38
11	1	0	0	0	0	0	0	0	38
12	1	0	0	0	0	0	0	0	38
13	1	0	0	0	0	0	0	0	38
14	1	0	0	0	0	0	0	0	38
15	1	0	0	0	0	0	0	0	38
16	1	0	0	0	0	0	0	0	38
17	1	0	0	0	0	0	0	0	38
18	1	0	0	0	0	0	0	1	38
19	1	0	0	0	0	0	1	0	38
20	1	0	0	0	0	0	1	0	38
21	1	0	0	0	0	0	1	0	38
22	1	0	0	0	0	0	1	0	38
23	1	0	0	0	0	0	1	0	38
24	1	0	0	0	0	0	1	0	38
25	1	0	0	0	0	0	1	1	38
26	1	0	0	0	0	0	2	3	38
27	1	0	0	0	0	0	5	2	38
28	1	0	0	0	0	0	7	6	38
29	1	0	0	0	0	0	13	3	38
30	0	1	0	0	0	0	16	0	38
31	0	1	0	0	0	0	16	2	38
32	0	1	0	0	0	0	18	2	38
33	0	1	0	0	0	0	20	4	38
34	0	1	0	0	0	0	24	5	38
35	0	1	0	0	0	0	29	10	38
36	0	1	0	0	0	0	39	15	38
37	0	0	1	0	0	0	54	6	38
38	0	0	1	0	0	0	60	15	38
39	0	0	1	0	0	0	75	14	38
40	0	0	1	0	0	0	89	25	38
41	0	0	1	0	0	0	114	59	38
42	0	0	1	0	0	0	173	0	38
43	0	0	1	0	0	0	173	54	38
44	0	0	0	1	0	0	227	0	38
45	0	0	0	1	0	0	227	51	38
46	0	0	0	1	0	0	278	34	38
47	0	0	0	1	0	0	312	50	38
48	0	0	0	1	0	0	362	32	38
49	0	0	0	1	0	0	394	61	38
50	0	0	0	1	0	0	455	0	38
51	0	0	0	0	1	0	455	40	38
52	0	0	0	0	1	0	495	58	38
53	0	0	0	0	1	0	553	21	38
54	0	0	0	0	1	0	574	22	38
55	0	0	0	0	1	0	596	27	38
56	0	0	0	0	1	0	623	20	38
57	0	0	0	0	1	0	643	28	38
58	0	0	0	0	0	1	671	14	38
59	0	0	0	0	0	1	685	22	38
60	0	0	0	0	0	1	707	19	38
61	0	0	0	0	0	1	726	21	38
62	0	0	0	0	0	1	747	33	38
1	1	0	0	0	0	0	0	0	39
2	1	0	0	0	0	0	0	0	39
3	1	0	0	0	0	0	0	0	39
4	1	0	0	0	0	0	0	0	39
5	1	0	0	0	0	0	0	0	39
6	1	0	0	0	0	0	0	0	39
7	1	0	0	0	0	0	0	0	39
8	1	0	0	0	0	0	0	0	39
9	1	0	0	0	0	0	0	0	39
10	1	0	0	0	0	0	0	0	39
11	1	0	0	0	0	0	0	0	39
12	1	0	0	0	0	0	0	0	39
13	1	0	0	0	0	0	0	0	39
14	1	0	0	0	0	0	0	0	39
15	1	0	0	0	0	0	0	0	39
16	1	0	0	0	0	0	0	0	39
17	1	0	0	0	0	0	0	0	39
18	1	0	0	0	0	0	0	0	39
19	1	0	0	0	0	0	0	0	39
20	1	0	0	0	0	0	0	0	39
21	1	0	0	0	0	0	0	0	39
22	1	0	0	0	0	0	0	0	39
23	1	0	0	0	0	0	0	0	39
24	1	0	0	0	0	0	0	0	39
25	1	0	0	0	0	0	0	0	39
26	1	0	0	0	0	0	0	0	39
27	1	0	0	0	0	0	0	0	39
28	1	0	0	0	0	0	0	0	39
29	1	0	0	0	0	0	0	0	39
30	0	1	0	0	0	0	0	0	39
31	0	1	0	0	0	0	0	0	39
32	0	1	0	0	0	0	0	0	39
33	0	1	0	0	0	0	0	0	39
34	0	1	0	0	0	0	0	0	39
35	0	1	0	0	0	0	0	0	39
36	0	1	0	0	0	0	0	0	39
37	0	0	1	0	0	0	0	1	39
38	0	0	1	0	0	0	1	0	39
39	0	0	1	0	0	0	1	8	39
40	0	0	1	0	0	0	9	0	39
41	0	0	1	0	0	0	9	5	39
42	0	0	1	0	0	0	14	0	39
43	0	0	1	0	0	0	14	0	39
44	0	0	0	1	0	0	14	16	39
45	0	0	0	1	0	0	30	3	39
46	0	0	0	1	0	0	33	0	39
47	0	0	0	1	0	0	33	11	39
48	0	0	0	1	0	0	44	0	39
49	0	0	0	1	0	0	44	1	39
50	0	0	0	1	0	0	45	3	39
51	0	0	0	0	1	0	48	0	39
52	0	0	0	0	1	0	48	4	39
53	0	0	0	0	1	0	52	0	39
54	0	0	0	0	1	0	52	0	39
55	0	0	0	0	1	0	52	1	39
56	0	0	0	0	1	0	53	0	39
57	0	0	0	0	1	0	53	0	39
58	0	0	0	0	0	1	53	0	39
59	0	0	0	0	0	1	53	1	39
60	0	0	0	0	0	1	54	0	39
61	0	0	0	0	0	1	54	1	39
62	0	0	0	0	0	1	55	0	39
1	1	0	0	0	0	0	0	0	40
2	1	0	0	0	0	0	0	0	40
3	1	0	0	0	0	0	0	0	40
4	1	0	0	0	0	0	0	0	40
5	1	0	0	0	0	0	0	0	40
6	1	0	0	0	0	0	0	0	40
7	1	0	0	0	0	0	0	0	40
8	1	0	0	0	0	0	0	0	40
9	1	0	0	0	0	0	0	0	40
10	1	0	0	0	0	0	0	0	40
11	1	0	0	0	0	0	0	0	40
12	1	0	0	0	0	0	0	0	40
13	1	0	0	0	0	0	0	0	40
14	1	0	0	0	0	0	0	0	40
15	1	0	0	0	0	0	0	0	40
16	1	0	0	0	0	0	0	0	40
17	1	0	0	0	0	0	0	0	40
18	1	0	0	0	0	0	0	0	40
19	1	0	0	0	0	0	0	0	40
20	1	0	0	0	0	0	0	0	40
21	1	0	0	0	0	0	0	0	40
22	1	0	0	0	0	0	0	0	40
23	1	0	0	0	0	0	0	0	40
24	1	0	0	0	0	0	0	0	40
25	1	0	0	0	0	0	0	0	40
26	1	0	0	0	0	0	0	0	40
27	1	0	0	0	0	0	0	0	40
28	1	0	0	0	0	0	0	0	40
29	1	0	0	0	0	0	0	0	40
30	0	1	0	0	0	0	0	0	40
31	0	1	0	0	0	0	0	0	40
32	0	1	0	0	0	0	0	0	40
33	0	1	0	0	0	0	0	0	40
34	0	1	0	0	0	0	0	2	40
35	0	1	0	0	0	0	2	0	40
36	0	1	0	0	0	0	2	0	40
37	0	0	1	0	0	0	2	0	40
38	0	0	1	0	0	0	2	1	40
39	0	0	1	0	0	0	3	0	40
40	0	0	1	0	0	0	3	0	40
41	0	0	1	0	0	0	3	9	40
42	0	0	1	0	0	0	12	2	40
43	0	0	1	0	0	0	14	2	40
44	0	0	0	1	0	0	16	12	40
45	0	0	0	1	0	0	28	1	40
46	0	0	0	1	0	0	29	6	40
47	0	0	0	1	0	0	35	0	40
48	0	0	0	1	0	0	35	1	40
49	0	0	0	1	0	0	36	3	40
50	0	0	0	1	0	0	39	0	40
51	0	0	0	0	1	0	39	0	40
52	0	0	0	0	1	0	39	0	40
53	0	0	0	0	1	0	39	0	40
54	0	0	0	0	1	0	39	0	40
55	0	0	0	0	1	0	39	0	40
56	0	0	0	0	1	0	39	0	40
57	0	0	0	0	1	0	39	1	40
58	0	0	0	0	0	1	40	0	40
59	0	0	0	0	0	1	40	3	40
60	0	0	0	0	0	1	43	2	40
61	0	0	0	0	0	1	45	0	40
62	0	0	0	0	0	1	45	3	40
1	1	0	0	0	0	0	0	0	41
2	1	0	0	0	0	0	0	0	41
3	1	0	0	0	0	0	0	0	41
4	1	0	0	0	0	0	0	0	41
5	1	0	0	0	0	0	0	0	41
6	1	0	0	0	0	0	0	0	41
7	1	0	0	0	0	0	0	0	41
8	1	0	0	0	0	0	0	0	41
9	1	0	0	0	0	0	0	0	41
10	1	0	0	0	0	0	0	0	41
11	1	0	0	0	0	0	0	0	41
12	1	0	0	0	0	0	0	0	41
13	1	0	0	0	0	0	0	0	41
14	1	0	0	0	0	0	0	0	41
15	1	0	0	0	0	0	0	0	41
16	1	0	0	0	0	0	0	0	41
17	1	0	0	0	0	0	0	0	41
18	1	0	0	0	0	0	0	0	41
19	1	0	0	0	0	0	0	0	41
20	1	0	0	0	0	0	0	0	41
21	1	0	0	0	0	0	0	0	41
22	1	0	0	0	0	0	0	0	41
23	1	0	0	0	0	0	0	0	41
24	1	0	0	0	0	0	0	0	41
25	1	0	0	0	0	0	0	0	41
26	1	0	0	0	0	0	0	0	41
27	1	0	0	0	0	0	0	0	41
28	1	0	0	0	0	0	0	0	41
29	1	0	0	0	0	0	0	0	41
30	0	1	0	0	0	0	0	0	41
31	0	1	0	0	0	0	0	0	41
32	0	1	0	0	0	0	0	0	41
33	0	1	0	0	0	0	0	0	41
34	0	1	0	0	0	0	0	0	41
35	0	1	0	0	0	0	0	0	41
36	0	1	0	0	0	0	0	1	41
37	0	0	1	0	0	0	1	1	41
38	0	0	1	0	0	0	2	0	41
39	0	0	1	0	0	0	2	0	41
40	0	0	1	0	0	0	2	0	41
41	0	0	1	0	0	0	2	1	41
42	0	0	1	0	0	0	3	0	41
43	0	0	1	0	0	0	3	2	41
44	0	0	0	1	0	0	5	2	41
45	0	0	0	1	0	0	7	0	41
46	0	0	0	1	0	0	7	0	41
47	0	0	0	1	0	0	7	1	41
48	0	0	0	1	0	0	8	0	41
49	0	0	0	1	0	0	8	0	41
50	0	0	0	1	0	0	8	1	41
51	0	0	0	0	1	0	9	0	41
52	0	0	0	0	1	0	9	0	41
53	0	0	0	0	1	0	9	0	41
54	0	0	0	0	1	0	9	1	41
55	0	0	0	0	1	0	10	1	41
56	0	0	0	0	1	0	11	0	41
57	0	0	0	0	1	0	11	0	41
58	0	0	0	0	0	1	11	3	41
59	0	0	0	0	0	1	14	0	41
60	0	0	0	0	0	1	14	3	41
61	0	0	0	0	0	1	17	0	41
62	0	0	0	0	0	1	17	6	41
1	1	0	0	0	0	0	0	0	42
2	1	0	0	0	0	0	0	0	42
3	1	0	0	0	0	0	0	0	42
4	1	0	0	0	0	0	0	0	42
5	1	0	0	0	0	0	0	0	42
6	1	0	0	0	0	0	0	0	42
7	1	0	0	0	0	0	0	0	42
8	1	0	0	0	0	0	0	0	42
9	1	0	0	0	0	0	0	0	42
10	1	0	0	0	0	0	0	0	42
11	1	0	0	0	0	0	0	0	42
12	1	0	0	0	0	0	0	0	42
13	1	0	0	0	0	0	0	0	42
14	1	0	0	0	0	0	0	0	42
15	1	0	0	0	0	0	0	0	42
16	1	0	0	0	0	0	0	0	42
17	1	0	0	0	0	0	0	0	42
18	1	0	0	0	0	0	0	0	42
19	1	0	0	0	0	0	0	0	42
20	1	0	0	0	0	0	0	0	42
21	1	0	0	0	0	0	0	0	42
22	1	0	0	0	0	0	0	0	42
23	1	0	0	0	0	0	0	0	42
24	1	0	0	0	0	0	0	0	42
25	1	0	0	0	0	0	0	0	42
26	1	0	0	0	0	0	0	0	42
27	1	0	0	0	0	0	0	0	42
28	1	0	0	0	0	0	0	0	42
29	1	0	0	0	0	0	0	0	42
30	0	1	0	0	0	0	0	0	42
31	0	1	0	0	0	0	0	0	42
32	0	1	0	0	0	0	0	0	42
33	0	1	0	0	0	0	0	0	42
34	0	1	0	0	0	0	0	1	42
35	0	1	0	0	0	0	1	0	42
36	0	1	0	0	0	0	1	0	42
37	0	0	1	0	0	0	1	0	42
38	0	0	1	0	0	0	1	0	42
39	0	0	1	0	0	0	1	2	42
40	0	0	1	0	0	0	3	0	42
41	0	0	1	0	0	0	3	9	42
42	0	0	1	0	0	0	12	0	42
43	0	0	1	0	0	0	12	1	42
44	0	0	0	1	0	0	13	2	42
45	0	0	0	1	0	0	15	4	42
46	0	0	0	1	0	0	19	7	42
47	0	0	0	1	0	0	26	5	42
48	0	0	0	1	0	0	31	3	42
49	0	0	0	1	0	0	34	7	42
50	0	0	0	1	0	0	41	0	42
51	0	0	0	0	1	0	41	10	42
52	0	0	0	0	1	0	51	8	42
53	0	0	0	0	1	0	59	31	42
54	0	0	0	0	1	0	90	31	42
55	0	0	0	0	1	0	121	14	42
56	0	0	0	0	1	0	135	5	42
57	0	0	0	0	1	0	140	10	42
58	0	0	0	0	0	1	150	37	42
59	0	0	0	0	0	1	187	27	42
60	0	0	0	0	0	1	214	84	42
61	0	0	0	0	0	1	298	65	42
62	0	0	0	0	0	1	363	72	42
1	1	0	0	0	0	0	0	0	35
2	1	0	0	0	0	0	0	0	35
3	1	0	0	0	0	0	0	0	35
4	1	0	0	0	0	0	0	0	35
5	1	0	0	0	0	0	0	0	35
6	1	0	0	0	0	0	0	0	35
7	1	0	0	0	0	0	0	0	35
8	1	0	0	0	0	0	0	0	35
9	1	0	0	0	0	0	0	0	35
10	1	0	0	0	0	0	0	0	35
11	1	0	0	0	0	0	0	0	35
12	1	0	0	0	0	0	0	0	35
13	1	0	0	0	0	0	0	0	35
14	1	0	0	0	0	0	0	0	35
15	1	0	0	0	0	0	0	0	35
16	1	0	0	0	0	0	0	0	35
17	1	0	0	0	0	0	0	0	35
18	1	0	0	0	0	0	0	0	35
19	1	0	0	0	0	0	0	0	35
20	1	0	0	0	0	0	0	0	35
21	1	0	0	0	0	0	0	0	35
22	1	0	0	0	0	0	0	0	35
23	1	0	0	0	0	0	0	0	35
24	1	0	0	0	0	0	0	0	35
25	1	0	0	0	0	0	0	0	35
26	1	0	0	0	0	0	0	0	35
27	1	0	0	0	0	0	0	0	35
28	1	0	0	0	0	0	0	0	35
29	1	0	0	0	0	0	0	1	35
30	0	1	0	0	0	0	1	0	35
31	0	1	0	0	0	0	1	0	35
32	0	1	0	0	0	0	1	0	35
33	0	1	0	0	0	0	1	0	35
34	0	1	0	0	0	0	1	1	35
35	0	1	0	0	0	0	2	0	35
36	0	1	0	0	0	0	2	0	35
37	0	0	1	0	0	0	2	0	35
38	0	0	1	0	0	0	2	0	35
39	0	0	1	0	0	0	2	0	35
40	0	0	1	0	0	0	2	1	35
41	0	0	1	0	0	0	3	0	35
42	0	0	1	0	0	0	3	0	35
43	0	0	1	0	0	0	3	0	35
44	0	0	0	1	0	0	3	2	35
45	0	0	0	1	0	0	5	0	35
46	0	0	0	1	0	0	5	1	35
47	0	0	0	1	0	0	6	1	35
48	0	0	0	1	0	0	7	0	35
49	0	0	0	1	0	0	7	0	35
50	0	0	0	1	0	0	7	0	35
51	0	0	0	0	1	0	7	3	35
52	0	0	0	0	1	0	10	2	35
53	0	0	0	0	1	0	12	0	35
54	0	0	0	0	1	0	12	2	35
55	0	0	0	0	1	0	14	0	35
56	0	0	0	0	1	0	14	0	35
57	0	0	0	0	1	0	14	1	35
58	0	0	0	0	0	1	15	4	35
59	0	0	0	0	0	1	19	0	35
60	0	0	0	0	0	1	19	10	35
61	0	0	0	0	0	1	29	3	35
62	0	0	0	0	0	1	32	0	35
1	1	0	0	0	0	0	0	0	46
2	1	0	0	0	0	0	0	0	46
3	1	0	0	0	0	0	0	0	46
4	1	0	0	0	0	0	0	0	46
5	1	0	0	0	0	0	0	0	46
6	1	0	0	0	0	0	0	0	46
7	1	0	0	0	0	0	0	0	46
8	1	0	0	0	0	0	0	0	46
9	1	0	0	0	0	0	0	0	46
10	1	0	0	0	0	0	0	0	46
11	1	0	0	0	0	0	0	0	46
12	1	0	0	0	0	0	0	0	46
13	1	0	0	0	0	0	0	0	46
14	1	0	0	0	0	0	0	0	46
15	1	0	0	0	0	0	0	0	46
16	1	0	0	0	0	0	0	0	46
17	1	0	0	0	0	0	0	0	46
18	1	0	0	0	0	0	0	0	46
19	1	0	0	0	0	0	0	0	46
20	1	0	0	0	0	0	0	0	46
21	1	0	0	0	0	0	0	0	46
22	1	0	0	0	0	0	0	0	46
23	1	0	0	0	0	0	0	0	46
24	1	0	0	0	0	0	0	0	46
25	1	0	0	0	0	0	0	0	46
26	1	0	0	0	0	0	0	0	46
27	1	0	0	0	0	0	0	0	46
28	1	0	0	0	0	0	0	0	46
29	1	0	0	0	0	0	0	0	46
30	0	1	0	0	0	0	0	1	46
31	0	1	0	0	0	0	1	0	46
32	0	1	0	0	0	0	1	0	46
33	0	1	0	0	0	0	1	0	46
34	0	1	0	0	0	0	1	0	46
35	0	1	0	0	0	0	1	0	46
36	0	1	0	0	0	0	1	0	46
37	0	0	1	0	0	0	1	0	46
38	0	0	1	0	0	0	1	3	46
39	0	0	1	0	0	0	4	0	46
40	0	0	1	0	0	0	4	0	46
41	0	0	1	0	0	0	4	0	46
42	0	0	1	0	0	0	4	2	46
43	0	0	1	0	0	0	6	3	46
44	0	0	0	1	0	0	9	0	46
45	0	0	0	1	0	0	9	0	46
46	0	0	0	1	0	0	9	0	46
47	0	0	0	1	0	0	9	0	46
48	0	0	0	1	0	0	9	0	46
49	0	0	0	1	0	0	9	0	46
50	0	0	0	1	0	0	9	0	46
51	0	0	0	0	1	0	9	0	46
52	0	0	0	0	1	0	9	0	46
53	0	0	0	0	1	0	9	1	46
54	0	0	0	0	1	0	10	0	46
55	0	0	0	0	1	0	10	2	46
56	0	0	0	0	1	0	12	0	46
57	0	0	0	0	1	0	12	0	46
58	0	0	0	0	0	1	12	2	46
59	0	0	0	0	0	1	14	0	46
60	0	0	0	0	0	1	14	1	46
61	0	0	0	0	0	1	15	0	46
62	0	0	0	0	0	1	15	0	46
